0.5430985118
0.5080629784
0.5772803062
0.5188375285
0.5706786857
0.5598972868
0.5614805486
0.5487694644
0.5633858232
0.532834789
0.5186701752
0.5267015091
0.523206898
0.5278723755
0.530766509
0.5419247114
0.5519720406
0.5396648875
0.502881609
0.5478611754
0.5376668891
0.5220453427
0.5431586819
0.5271003445
0.5274132135
0.5370207989
0.5483563571
0.5258424373
0.553337213
0.5281256488
0.5239782167
0.5447011516
0.5626704804
0.5556000358
0.5701853719
0.5592916053
0.5451504011
0.5402272713
0.5312374942
0.5681325694
0.5290988547
0.5474479705
0.5416327517
0.5328848107
0.5618975983
0.543610293
0.5702361734
0.537200088
0.5374345482
0.5790917701
0.5573496748
0.5502675085
0.5516902751
0.6074994254
0.5575908981
0.6276561754
0.6215865897
0.5894068018
0.587547314
0.555818893
0.5829844587
0.5797175353
0.5649132051
0.5549315132
0.5350554273
0.5343055189
0.5630619191
0.5856988969
0.5422128029
0.5924856807
0.5227059834
0.5556934596
0.5770758275
0.5352704327
0.5501927564
0.5580855467
0.5494974398
0.5553612085
0.5608838778
0.5248010178
0.535660303
0.5421707993
0.510547055
0.5488977985
0.5473020028
0.5521552509
0.544453642
0.5366792411
0.5224155846
0.5254409729
0.5746825915
0.5620532679
0.555550202
0.5581439936
0.5379397835
0.5483304597
0.5655885235
0.5386388565
0.5394744882
0.5052543008
0.5495042205
0.5507601884
0.5535984847
0.5493837355
0.5542745711
0.5250925594
0.5154141247
0.5359600319
0.5276088127
0.5167765395
0.5271999882
0.5534890384
0.5438277925
0.5620567639
0.5335256644
0.5362863403
0.5728021818
0.5632056325
0.5575052139
0.611119817
0.5807059249
0.5901847036
0.640640843
0.590584178
0.5824210373
0.5594705681
0.5385162649
0.555073795
0.5371701362
0.5628465629
0.5458558728
0.5659202243
0.5442319714
0.5510581832
0.5297283705
0.5386966307
0.5727172383
0.6102563741
0.5765840305
0.6032398922
0.6090315908
0.6249960605
0.6165469577
0.5941326092
0.6196744015
0.6005846525
0.5991003427
0.583731504
0.5990342161
0.6175926834
0.6184678522
0.6256994017
0.5977864782
0.5374590104
0.5892694173
0.5820745413
0.6160618741
0.6085931244
0.5776946298
0.5284517509
0.5384832706
0.5336550188
0.547804576
0.5389538907
0.5293054111
0.5484434435
0.5498492216
0.5385932219
0.5999288956
0.5491287981
0.5457981332
0.5365144911
0.6357626022
0.5418804757
0.5206282481
0.5181204671
0.5636210195
0.5459232665
0.5647384705
0.5496741993
0.5450791224
0.5166656847
0.5665006398
0.559462618
0.5503859663
0.571590748
0.5379189787
0.5583166684
0.5200512218
0.5401452055
0.5397198184
0.5933788025
0.5319580186
0.5571071934
0.5547704503
0.5635645723
0.5120437238
0.5471340539
0.5382892111
0.5371017094
0.533961988
0.5200404742
0.5602088041
0.5704780475
0.533315984
0.5847991358
0.5413020411
0.553071993
0.556001576
0.5371565293
0.5356980921
0.5777197048
0.5146674668
0.5251148822
0.539660705
0.5709481861
0.5458078525
0.5186764507
0.5258150556
0.5547008011
0.5312196789
0.5144157238
0.542291229
0.5228409868
0.5219329796
0.5346510134
0.5422617243
0.5553792051
0.5597423021
0.5361956707
0.5721155235
0.5324388776
0.6223087391
0.5283667613
0.519106529
0.5359503455
0.5358551396
0.5433923552
0.5336554378
0.5476850941
0.5377958672
0.5134818503
0.5413811619
0.508506024
0.5495257133
0.5249094784
0.5306392512
0.5358378951
0.5419055128
0.5294980274
0.5466763219
0.5674609339
0.5464548205
0.5484940159
0.5604037034
0.5340599478
0.5435640067
0.5565039525
0.5467147048
0.5491940708
0.557396547
0.5100738996
0.5356956273
0.5357529439
0.5542359009
0.5428596683
0.5655520925
0.5412105311
0.5629721367
0.5145612304
0.561651411
0.5656236794
0.5249477976
0.5543405986
0.5494215628
0.5242631414
0.5389723987
0.5185463594
0.5300035027
0.5177333522
0.5349904714
0.5416492897
0.5350258693
0.5407164459
0.5397842213
0.4740785028
0.528786404
0.5474010654
0.536394515
0.5455979867
0.5386314397
0.5399075689
0.5198222332
0.5407080444
0.5348214564
0.5325811855
0.5122687005
0.5144590684
0.5375309387
0.5316497726
0.5289668858
0.5315656378
0.526386528
0.5357236496
0.5115108756
0.5490535023
0.5453387149
0.5447928455
0.5326257052
0.5138137912
0.5205806016
0.5052769056
0.5143576061
0.507153034
0.5319502669
0.5372917466
0.5102955259
0.5140984576
0.5094047139
0.5338961866
0.5150765486
0.5237173989
0.5213657263
0.5212313903
0.5613363913
0.5215644256
0.5402734386
0.5196291939
0.5384094302
0.5345400458
0.5346826852
0.5348994127
0.55544338
0.5375556405
0.5361688839
0.5584475407
0.5405599437
0.5222705403
0.5307849402
0.5350850941
0.524417213
0.5421756585
0.5302811807
0.5204298029
0.5312692342
0.5408777996
0.5225407338
0.5096496191
0.5260791482
0.5227436983
0.5220895505
0.5294075603
0.5234482348
0.524449571
0.550730612
0.5134330192
0.5209998498
0.527658438
0.5298716757
0.5285487791
0.5382006834
0.5372803884
0.5294959377
0.517926627
0.5376607832
0.5482460343
0.5221675696
0.5251877861
0.5257872277
0.5383259205
0.5054630425
0.5331413167
0.5231035997
0.5499853614
0.5387439968
0.5447989758
0.5291684091
0.546575382
0.5423570355
0.528845103
0.5344266434
0.5451548864
0.5312792044
0.5341915907
0.5253617712
0.5574963321
0.5379604268
0.5106059905
0.5283081378
0.5231311679
0.5163916202
0.5207465763
0.5349444538
0.5201381295
0.5400562653
0.5467387109
0.5115138943
0.527998981
0.53610769
0.539961446
0.515484308
0.5341003127
0.5327400534
0.5160645922
0.5100254447
0.5355044201
0.5193793718
0.5271683508
0.5276658856
0.5211499761
0.5275530763
0.5502752169
0.5258279502
0.5128663559
0.5390650454
0.5398270645
0.5268974171
0.5334517509
0.5155194121
0.5110903725
0.5361836506
0.5453784751
0.523374887
0.5277416978
0.5229933869
0.5126062559
0.5744633781
0.5222521522
0.5358328589
0.5278823812
0.5368880304
0.5120284396
0.5584846479
0.531677561
0.5116067704
0.5266791206
0.5316720308
0.5479793056
0.5683011718
0.5608669969
0.5349083634
0.5278892432
0.5358175494
0.5177456966
0.5405072227
0.5457767039
0.56608502
0.5319449372
0.5312218762
0.5392119848
0.5145670711
0.5220926832
0.544700584
0.5267519737
0.5258271026
0.5422554034
0.5482937901
0.5199862853
0.5362735658
0.5019565095
0.5455418024
0.5395082453
0.5373853629
0.5307830274
0.564365531
0.5468333592
0.508881471
0.5697743121
0.5627937093
0.5508814539
0.5363507639
0.5323113181
0.5257831109
0.5256498569
0.544492586
0.5371827951
0.5373249085
0.5424105045
0.5681134874
0.6061850887
0.5229113913
0.5095315885
0.5197836252
0.5243626329
0.519316556
0.5308040941
0.5431789262
0.5610234696
0.5602229613
0.5636481296
0.5686031084
0.5701105127
0.5323784589
0.5259960226
0.5158942697
0.5231000852
0.5105592232
0.5449278362
0.5221035004
0.528379356
0.5204930522
0.5262474545
0.5076899369
0.5364407696
0.5072136997
0.5312948164
0.5075987872
0.5243609047
0.5580750786
0.5637892184
0.5416067541
0.5606056846
0.5545007964
0.5339014558
0.5236609576
0.51281001
0.5326617014
0.5275829365
0.539158305
0.5187488015
0.5034716837
0.5121122865
0.511145189
0.507163821
0.5285627834
0.528156116
0.5248219006
0.5254534374
0.5295021653
0.5144752387
0.5358551185
0.5294431353
0.5531407585
0.5675351877
0.5610818203
0.5266889562
0.5185499562
0.4897454698
0.5232671629
0.5034050592
0.5212856853
0.5035495927
0.5173555492
0.5064179351
0.5024114598
0.5480475643
0.5638400146
0.547763489
0.5509556813
0.5329336701
0.5329741466
0.5162342601
0.5176695381
0.5491676912
0.5228505993
0.5047076566
0.5106474901
0.5245096324
0.5286482409
0.5489800418
0.557409931
0.5126948493
0.5477815729
0.5490841196
0.5335988454
0.5100536938
0.5081549669
0.5234534867
0.5235894277
0.5140376763
0.5301723102
0.5153961345
0.5078343683
0.539108832
0.538597629
0.4993279842
0.5218907919
0.5129330382
0.5182683435
0.5294095833
0.5590893504
0.5364420535
0.5294741641
0.5329774697
0.5329267451
0.5364640986
0.5241757658
0.531857017
0.556547442
0.5601141547
0.5712564088
0.5416837822
0.5187535279
0.5046970837
0.5015273449
0.530697556
0.5368621094
0.5261854037
0.5091935001
0.5068377798
0.5009541397
0.5286433313
0.5219341729
0.5245542384
0.5234219463
0.5313522674
0.5150940614
0.5197689413
0.5163680862
0.5194347515
0.534707989
0.4999656366
0.4912980051
0.5106672345
0.5051458078
0.5148927313
0.5168159872
0.5080716436
0.5065327508
0.5112354203
0.5256222831
0.5145409117
0.5423941103
0.521471201
0.5237308054
0.5229977451
0.5429911761
0.5301851306
0.5159082143
0.5152530203
0.5377444421
0.5509938699
0.5156478787
0.5155085862
0.5229969976
0.5278171969
0.5387078115
0.5219320664
0.5304645921
0.5145402239
0.5024325941
0.5191024869
0.5379227109
0.5404527643
0.5326847032
0.5121928467
0.4956513561
0.5142424373
0.5208151375
0.4997131353
0.5237915581
0.5255997782
0.5202869854
0.5051049661
0.5289437952
0.5284032883
0.5225693608
0.5140616756
0.5064747519
0.5080433444
0.5215373198
0.5272119136
0.5157813793
0.5385857914
0.4964751139
0.5288889841
0.5187432207
0.5033823948
0.5021289845
0.5226727071
0.5015500611
0.5106790851
0.5177015145
0.5291148252
0.5194794767
0.522844639
0.5012838907
0.5217335316
0.5330595272
0.5273929147
0.520756734
0.5240867334
0.5219812029
0.5128697214
0.5135098872
0.5146706284
0.5314663274
0.5218768785
0.5145927048
0.5204520322
0.5201034575
0.5308776442
0.5269166478
0.5255495564
0.5127094967
0.5188175446
0.5208225645
0.523933561
0.512723896
0.5228725947
0.5189037627
0.5384971022
0.5244437826
0.515703268
0.5144032209
0.5360476821
0.5096023702
0.5043542316
0.5192454472
0.5396860887
0.5193653805
0.5351909555
0.547917162
0.5428726625
0.5438399425
0.5301668324
0.5122360055
0.5058126136
0.5029572005
0.5124369997
0.5012695866
0.5120623415
0.5290696035
0.5081091732
0.5279170692
0.5120531525
0.5350113248
0.5348529438
0.5114423516
0.5022506909
0.5257777003
0.5140307621
0.5157554541
0.5061452586
0.5017261857
0.5128980357
0.5350697411
0.5285622715
0.5131742615
0.5196732346
0.5152635446
0.5189051251
0.5199201361
0.5045403335
0.5014596512
0.5208415219
0.5186389001
0.5218380795
0.525172493
0.5017727664
0.4868165454
0.5478675114
0.5124829067
0.5101213419
0.5219177091
0.528854868
0.524557026
0.5082643535
0.5084822784
0.5097164509
0.5103768505
0.5198391838
0.517453532
0.511990801
0.531788111
0.5157751058
0.5223546671
0.5357276357
0.5342191936
0.5276573872
0.5285405642
0.528074719
0.5106609488
0.5323950482
0.5133953859
0.5168964047
0.5297537129
0.5333378985
0.5259581496
0.4943939349
0.5348210008
0.535468615
0.5494840162
0.5163622441
0.5200335246
0.4912516406
0.5072711932
0.4960116592
0.5375880376
0.52163761
0.5266984006
0.514884014
0.5197340259
0.5240225398
0.5207347923
0.5399014816
0.5270094077
0.5134626524
0.5212225161
0.5209603603
0.4885341759
0.5239860842
0.5239153575
0.5062287143
0.521044415
0.5136448009
0.5200114797
0.5298304523
0.5183932609
0.4987296839
0.5181468701
0.4876267016
0.5181227645
0.5348162424
0.5357822297
0.5222626878
0.5184488421
0.529081725
0.537835839
0.4883245756
0.5307170325
0.5100725045
0.5251463343
0.5153530855
0.5143336807
0.5007032658
0.5190399655
0.5135313659
0.5031513332
0.5222296602
0.5249009237
0.5178921598
0.5213261486
0.5215183241
0.5298367721
0.5215673929
0.5331153691
0.5319248974
0.5083741939
0.5361281906
0.5226300092
0.5139992351
0.5134930682
0.5208849152
0.5195864918
0.5278064076
0.5176848117
0.5437210108
0.5115631011
0.5207470887
0.5189435396
0.5090998522
0.5165266203
0.5201352468
0.5198299394
0.5060104077
0.5304950755
0.5096774067
0.5271636274
0.528202677
0.5135465961
0.5320891927
0.5113655886
0.5117182843
0.5506848157
0.5481018454
0.5430757304
0.5238948598
0.5254250463
0.520321532
0.5253854955
0.5182288159
0.517984154
0.5426435038
0.529675854
0.5090320758
0.5338133606
0.536023944
0.549337892
0.530924034
0.5342971269
0.5105820555
0.5023901865
0.5301286409
0.526975173
0.5167844218
0.5043371153
0.5042333451
0.5054772615
0.5170057231
0.5041282931
0.5387750824
0.5100733076
0.5210072575
0.5158472997
0.5481533497
0.527765919
0.5289306699
0.527092945
0.5416932204
0.5126350413
0.5400770321
0.5372065122
0.5387580097
0.5619579774
0.5220382366