0.5279930222
0.5249065371
0.5390021975
0.5247124442
0.5781010454
0.5397112685
0.5695077561
0.5417337958
0.5276539326
0.5202049841
0.5163175139
0.5402779763
0.5402063306
0.5275639392
0.5412203502
0.5240897962
0.5531526691
0.5314621785
0.4973127129
0.5256005405
0.5417812685
0.5350070654
0.5490959869
0.5278184578
0.5453073585
0.5364981692
0.5338920257
0.5351252068
0.530628762
0.5123623843
0.5253386066
0.5648544145
0.5520854918
0.5402587459
0.5582969357
0.5479842447
0.5296916064
0.5661959383
0.5612109232
0.5565754042
0.5529844772
0.5554962134
0.5507064551
0.5431264657
0.5580893371
0.5941596107
0.5875444128
0.5389277262
0.5330176556
0.5996600926
0.5686510331
0.5378361121
0.5437439136
0.5784470514
0.5436629379
0.6128902946
0.5984181115
0.5717555984
0.5965493156
0.5848378388
0.5811818028
0.5731231589
0.5415219801
0.5653613063
0.5339534883
0.5338697432
0.5660567218
0.5931945868
0.5754390726
0.5575097648
0.5175158647
0.5297512065
0.5711961248
0.518334452
0.5376216971
0.5774258138
0.5786229044
0.5820426718
0.5707269623
0.5050763906
0.5381117718
0.5441159068
0.5417421926
0.5417465942
0.5378569346
0.5376184485
0.5391959094
0.520937913
0.5183103271
0.5460636845
0.559058964
0.5697498845
0.5606319553
0.5424501743
0.5364511617
0.5435504768
0.5580685685
0.5530051203
0.5375071245
0.5460404716
0.565404874
0.5314256049
0.5425277075
0.5140760646
0.5413914295
0.5301381364
0.5305008741
0.5280998487
0.5276497307
0.5325911646
0.5345614259
0.5656911295
0.524252177
0.5694988174
0.5276043337
0.5356424938
0.5391979358
0.560356595
0.5390056535
0.6028410266
0.5841578587
0.5972203231
0.6171344957
0.5761493123
0.5702963129
0.5480353042
0.5434365711
0.5808897668
0.546661792
0.57681237
0.5447688099
0.5652120382
0.5530730025
0.5547010799
0.5121468544
0.5603778782
0.5780574192
0.6068992719
0.6055069138
0.6008607724
0.5691319814
0.6332281214
0.6000905571
0.6134352925
0.6242345978
0.6403367558
0.627794955
0.600129039
0.6104708803
0.6338859354
0.6216682738
0.6210040578
0.5949084747
0.5336484755
0.5777914837
0.6091012791
0.5964264265
0.5958046688
0.5911313662
0.5292010934
0.5475300543
0.5523327826
0.5577667108
0.5427868177
0.5518319475
0.5360458392
0.5595436361
0.5415967241
0.5992479515
0.5379111335
0.5505570892
0.5485443881
0.6377207502
0.5551276706
0.5449629682
0.5281192226
0.5232764186
0.534491569
0.5534347958
0.5612741649
0.5389651562
0.5146726703
0.5609615113
0.5484655687
0.5482801389
0.5344692864
0.544969243
0.5392906166
0.5290994516
0.5201766527
0.575166226
0.6209010279
0.5451211406
0.5190378028
0.5498385825
0.5644748278
0.5131011972
0.5391370063
0.5442099956
0.5294546854
0.5478884868
0.5293382489
0.5420301903
0.5456850685
0.5618058039
0.5902496741
0.5432517547
0.5442457803
0.5775594405
0.5539298926
0.548945725
0.5931069266
0.5249052818
0.5300692342
0.5292346005
0.5795091825
0.5470952476
0.5167349282
0.5448884992
0.5252822244
0.5379681263
0.5534600981
0.5195679325
0.5398743966
0.5318455191
0.5290680891
0.5347156431
0.538976996
0.54484938
0.5410483563
0.5743645069
0.5295060797
0.6049090582
0.5274574878
0.5109682028
0.5445659297
0.5515467186
0.5525872724
0.5432030796
0.5382853648
0.5172462739
0.5119209322
0.5537105441
0.5237732261
0.5245318606
0.5275921862
0.5517183354
0.5192605942
0.5272600693
0.5339590836
0.5447867871
0.5687146222
0.5492222242
0.5187488083
0.5689745055
0.5397607888
0.550291337
0.5484252797
0.5858739831
0.5602461758
0.5421510393
0.5407317967
0.5362549478
0.5489680621
0.5402472047
0.5757480174
0.5332398905
0.519966216
0.5331705276
0.5221478982
0.5463216823
0.55947195
0.5283358676
0.5646602112
0.5639533767
0.5224674231
0.5579757298
0.5390611575
0.5248156214
0.5268065976
0.5256996798
0.5340991043
0.5402686198
0.5602693197
0.5518682863
0.4897634395
0.5459458487
0.5265266709
0.5568820259
0.536508759
0.5333916846
0.5678251817
0.538384022
0.5540766997
0.561452914
0.5489221546
0.5160619832
0.5431844814
0.5489194445
0.5602414958
0.5466776427
0.5329486645
0.5426862251
0.5348729642
0.5558187448
0.538260666
0.5643894804
0.5622328432
0.5322412019
0.505726515
0.5082139082
0.5178247576
0.5271299285
0.5285449376
0.5427975331
0.5364819396
0.5135320488
0.522428968
0.5583539595
0.5026753109
0.5114237151
0.5399480337
0.55328525
0.5171663791
0.5367998866
0.532242068
0.5692967442
0.5361436321
0.5159872343
0.5425186541
0.5387153507
0.5283948209
0.5451035643
0.5346934295
0.5268332927
0.5292234447
0.5428916872
0.537328537
0.5362016375
0.5320725799
0.5398198077
0.5437201933
0.5357899082
0.5211291612
0.5247231828
0.5273635932
0.540959311
0.5378567414
0.5241803552
0.5214813208
0.5241804573
0.5501499726
0.5176035748
0.5450601091
0.533968674
0.509026705
0.5496375164
0.5341773923
0.5594647786
0.5474329687
0.5242199424
0.5333635546
0.5456686074
0.5288098471
0.5560670191
0.5394590742
0.5263622011
0.5423332757
0.5347924919
0.5241810544
0.5193308613
0.5296634285
0.5149550801
0.5609102461
0.5591842992
0.5329737504
0.5231324166
0.5361288769
0.556044063
0.5401556918
0.5280052782
0.552670759
0.549114719
0.5479159123
0.5362597362
0.5567776515
0.5568187169
0.5382169572
0.5421338344
0.5413900397
0.5289525717
0.532985536
0.5354185345
0.521891418
0.5518585999
0.5520041359
0.5291646504
0.5234763133
0.5292078258
0.5375632147
0.5546214888
0.5478416747
0.5233144481
0.5299307736
0.518393959
0.5247961912
0.5146816394
0.5263986792
0.514195706
0.5147185124
0.5118420113
0.5516199844
0.5293165135
0.5368093965
0.5257534449
0.5569906496
0.5283605805
0.5463784435
0.5565600899
0.5234446476
0.552662255
0.5432965221
0.5330642207
0.5531379347
0.5400056869
0.5240721158
0.5651107406
0.5483590711
0.5402447575
0.5502644167
0.5314561802
0.5513402919
0.5436739754
0.5391809223
0.5299906386
0.5387045175
0.5284449024
0.5524771868
0.558219412
0.5547291586
0.5683290702
0.5514290161
0.5421108605
0.546562321
0.5503127782
0.5375271088
0.5676945941
0.5378652998
0.553059949
0.5309163181
0.5218966388
0.5262594879
0.5654552248
0.5403578692
0.5360032831
0.5291987396
0.5677986529
0.5404542169
0.5271119685
0.5484726166
0.5530987422
0.5245381658
0.5490905635
0.521636251
0.591730235
0.5725484585
0.5371161783
0.5581693676
0.5581092967
0.5380632416
0.5260304233
0.5388975354
0.5140340135
0.5320221725
0.5497237762
0.5379153006
0.530669724
0.5473787629
0.5851826121
0.6162716534
0.5393704841
0.5108581523
0.5253812432
0.5394667318
0.5424643326
0.5554569882
0.5240481306
0.5400975533
0.5579881652
0.5787928703
0.5666729955
0.600076738
0.5530623274
0.5190979498
0.5466992298
0.5215002313
0.5278987602
0.5185701152
0.5181697618
0.5252605521
0.5208628148
0.5517397807
0.5340996009
0.5409956653
0.5543720488
0.5239906347
0.5146735767
0.5621313644
0.5756659129
0.5552436758
0.5630527004
0.5625213807
0.5613949148
0.5564796844
0.5321290348
0.5229916449
0.5371615341
0.5275722241
0.5279435711
0.5292098751
0.5409807917
0.5452367117
0.535385015
0.5362287757
0.5330409443
0.5232099136
0.5413595746
0.5257599427
0.5510996917
0.5206981595
0.5449621321
0.5177885577
0.5578199248
0.5560729452
0.563945836
0.5246203614
0.5210240599
0.512490392
0.5293994643
0.5342753761
0.506879568
0.5329110664
0.5263704893
0.5154021977
0.504412965
0.5165049469
0.5447377482
0.5314290177
0.5610842097
0.532426767
0.5385195942
0.5169382212
0.5085420157
0.5068086793
0.5252095743
0.5148960484
0.5179468107
0.5336651345
0.5378816009
0.5741887934
0.5564282351
0.5232493457
0.5445093403
0.55272119
0.5298445852
0.5282770753
0.5161397556
0.5134227446
0.5303355588
0.5244278424
0.5324963502
0.5139142952
0.53261876
0.5447420242
0.5446575899
0.5140693193
0.5219327317
0.5014866668
0.5453136455
0.5186660088
0.5315548844
0.5319806006
0.5079202558
0.5174123811
0.5300043189
0.5344008393
0.5045720915
0.5288566989
0.5391941579
0.5697614037
0.5759826475
0.5325984496
0.5342799744
0.5292723789
0.5346549447
0.5381153697
0.5012037342
0.5270867308
0.5133108915
0.5292745366
0.5213548891
0.5406945971
0.5343488173
0.5338439421
0.5166084518
0.5299006228
0.5234440288
0.5397947146
0.5088271859
0.5220665519
0.5292527053
0.5337465239
0.5123686528
0.528598826
0.5348648694
0.531297263
0.5245926446
0.507674219
0.5254234482
0.5166268568
0.5401425236
0.537511653
0.5138181715
0.531877472
0.5162053005
0.5128105302
0.5488226041
0.5093827063
0.5262203183
0.5259960431
0.5056936751
0.5356729398
0.5299640038
0.5245337645
0.5226685442
0.5352290495
0.535536269
0.5294036416
0.5173087273
0.5144285948
0.5112175492
0.5236232793
0.5253708085
0.5245201979
0.5390559706
0.5047497914
0.5167654769
0.5200954638
0.5221245167
0.5195206785
0.5250348686
0.5292882137
0.5255607172
0.525454952
0.5177880127
0.5099604221
0.5273479684
0.536207069
0.5135813546
0.5404936259
0.5190092796
0.5308775906
0.5220281047
0.5175557077
0.5140818232
0.5279645669
0.5087133569
0.5167403375
0.5228052642
0.519239136
0.5150885095
0.5184822878
0.5100457643
0.5252727304
0.5257992533
0.5111597775
0.5241084924
0.5391588464
0.5310249827
0.5141043179
0.5201907552
0.5148665397
0.5202992484
0.512753234
0.5400944746
0.5360729127
0.5076476224
0.5172081427
0.5318008507
0.5320883259
0.5129657656
0.5198830654
0.5211068747
0.5442388258
0.4938761739
0.5184690746
0.5258215529
0.5454177289
0.5278735585
0.548617191
0.5293269693
0.4986724255
0.5197664633
0.5265115148
0.5282501538
0.5343515249
0.5182993305
0.5197520734
0.5274187335
0.5417406242
0.5248462394
0.5357190602
0.5325959449
0.518886781
0.5295119378
0.5097841927
0.5213911684
0.5274026543
0.5169752067
0.5232917489
0.5360212036
0.5301078015
0.5183955133
0.5079450734
0.5268654598
0.5304547245
0.5544450453
0.522143615
0.5179409945
0.5122725329
0.53180207
0.5231133889
0.5354995436
0.5051266189
0.517118663
0.5177012496
0.5264132969
0.5381523285
0.5223750779
0.5073719271
0.5049144802
0.5217120167
0.4918872828
0.5123138602
0.5218113738
0.5415847899
0.5267567252
0.5445534422
0.5135177706
0.5125757389
0.5179165925
0.5550349448
0.5337049241
0.5087416717
0.5173072024
0.5087341311
0.5385203652
0.5229900679
0.5462317374
0.5232853573
0.5210428546
0.5227526003
0.5299942624
0.5169486779
0.5168838223
0.5410314583
0.5152540872
0.5093953078
0.5148742178
0.5195492053
0.5182570659
0.5206314319
0.5064314158
0.5198098622
0.521072414
0.5290255853
0.5160020103
0.5268083325
0.5185613714
0.5277321934
0.5244341312
0.5047428241
0.5588997869
0.5096937939
0.5305331622
0.533869135
0.4906094041
0.5236031211
0.5307078746
0.5169226239
0.541836012
0.5213107852
0.5327965415
0.5368553866
0.514257405
0.5270064359
0.5278326044
0.5287736976
0.5338988432
0.5249234636
0.5192489992
0.5363107209
0.5281657671
0.5450193486
0.5243868859
0.5251351448
0.5439229791
0.5189175833
0.5243483679
0.5228411682
0.5299745083
0.5259750041
0.5203647552
0.5305714576
0.5257147412
0.5373409669
0.5334053279
0.5188932211
0.5270007317
0.5209747757
0.5499166333
0.5103475661
0.5143357089
0.5445469391
0.5190437524
0.5161268429
0.5187528994
0.5383967417
0.5467063003
0.5442216547
0.5182208043
0.516291195
0.5187250692
0.4986662478
0.5168790201
0.5386876683
0.5213480784
0.5404246622
0.5224842977
0.5227010166
0.5159534182
0.5197536778
0.5357647645
0.5269986379
0.5130069641
0.5238219882
0.5304759771
0.5181732631
0.5339548584
0.5246670424
0.5265197607
0.5122581233
0.5185734761
0.5231918383
0.5180228375
0.5257216836
0.5397727266
0.5072630046
0.5030075794
0.5186329367
0.5330328498
0.5367600837
0.5276753266
0.5238549412
0.5669024928
0.5538325353
0.5313611626
0.5175774714
0.5182302974
0.5164274825
0.5250469837
0.4950378305
0.5169240378
0.5161817509
0.5269989662
0.5266038424
0.5493803183
0.5143806182
0.5232252787
0.5517473691
0.5300197921
0.5369122429
0.5401416274
0.5141942063
0.5082329598
0.5300385306
0.5289213103
0.5042610006
0.5434997552
0.5202449972
0.5334421006
0.5526363293
0.5095553106
0.5050149389
0.5182291407
0.5137073378
0.5386577665
0.5025064021
0.5424041752
0.5276373089
0.5484124336