0.7078817794
0.7049550294
0.6916027174
0.6875442791
0.6838003446
0.7077350761
0.7118299954
0.7017908957
0.7080113253
0.7203231192
0.711207137
0.7251777711
0.7034338302
0.7097982662
0.7119721443
0.7112874775
0.6932759351
0.7112378155
0.7264547584
0.6923401366
0.6922987647
0.7208673973
0.6973260142
0.7322822578
0.7002123537
0.6723622927
0.6849165193
0.7242413513
0.7042918759
0.6617511131
0.6849314811
0.6862157092
0.692773693
0.6802097461
0.6550530428
0.7147424629
0.6921287833
0.6754428001
0.6813775983
0.6848377177
0.7097635585
0.6784527679
0.682642259
0.7118840269
0.6890718438
0.6862619874
0.6916403408
0.6870212032
0.6672686763
0.6962354524
0.736243665
0.6078814688
0.6272132845
0.6228882451
0.6383383243
0.6506041702
0.6279336776
0.6480876013
0.6624344369
0.6026510979
0.6466170343
0.6470482814
0.6199885245
0.6302353094
0.6780504821
0.6435225675
0.6436038474
0.6286605688
0.6244809249
0.6041823243
0.6551328907
0.6252184883
0.6604833334
0.6357754361
0.6700027203
0.7104750627
0.6597769567
0.6772925315
0.6639304568
0.6986668934
0.6525949967
0.6914693795
0.6483314203
0.6750355414
0.6607421097
0.6868269154
0.6725408932
0.665590981
0.6930226895
0.6579705161
0.6756398402
0.6720638593
0.6680496882
0.6821043453
0.6720423902
0.6797246927
0.6873688614
0.6796473651
0.6549876338
0.6496163309
0.6837265524
0.6711255671
0.6938251631
0.6647345858
0.6787231129
0.6502146494
0.6849668031
0.670460873
0.7149020466
0.7154866878
0.7002156084
0.6847584383
0.69452125
0.6743149506
0.7117038801
0.676180145
0.7241506793
0.7074599142
0.7192130334
0.6976036285
0.6977496519
0.6947956971
0.6838346869
0.6692566955
0.6918678584
0.6932603167
0.6575736445
0.7154570856
0.6889121405
0.7059922582
0.7035725748
0.7181792211
0.694075036
0.6784226606
0.6834096325
0.6883139375
0.6642038266
0.668094706
0.7060123812
0.6917828538
0.6774825519
0.688033672
0.6914580445
0.6991669576
0.6571323019
0.6780417113
0.7079816404
0.6744672989
0.6963706381
0.6984214261
0.6968305836
0.7124141595
0.7302391985
0.6939615269
0.7084228095
0.6649005349
0.625018836
0.6370762921
0.6283018222
0.649258997
0.6587329692
0.6441696501
0.6226200484
0.6328321816
0.6539947844
0.6329198777
0.6290938818
0.6526772565
0.6621802408
0.6806425925
0.669330369
0.6525836808
0.659107226
0.6242660177
0.6387165594
0.6261616328
0.6198635891
0.6089962143
0.636831497
0.6290892796
0.6380714621
0.6488922864
0.6146691434
0.597007638
0.6457133928
0.6261035764
0.6260449326
0.6366625094
0.6579728685
0.630057447
0.6457569211
0.6294864331
0.6356917329
0.6103526361
0.6107842126
0.6472922566
0.6062404331
0.628879451
0.6238415453
0.6194031737
0.6516419722
0.6487620553
0.6518537489
0.6379347804
0.650096746
0.649952099
0.6225689949
0.6695026365
0.6574122164
0.5985312575
0.6182325457
0.6129089862
0.6387535295
0.6337624913
0.6419720921
0.6568699053
0.6654288638
0.6808423341
0.6606188004
0.6561871331
0.6263295193
0.6831890195
0.646866147
0.6631903167
0.6310785026
0.6394107814
0.6302790981
0.652007383
0.6457089997
0.65727407
0.6230191261
0.5964365895
0.655950937
0.6781361483
0.6291164872
0.6297149352
0.6360426442
0.6595798771
0.6179050147
0.625389556
0.6618923497
0.6198832318
0.6663701581
0.6493697538
0.6218860151
0.6394657584
0.6348235718
0.6252888789
0.6242629037
0.639550796
0.6561055915
0.6280001551
0.6222162422
0.6655066761
0.6537066334
0.6558861903
0.6393447382
0.6487674667
0.6544001521
0.6460263608
0.6410831468
0.6323121307
0.6540115871
0.6562573598
0.6267975064
0.6393752649
0.6341857871
0.5919070801
0.6047602311
0.617147108
0.5838193153
0.5900356203
0.5873049416
0.5926500662
0.6197933771
0.6176609102
0.6049769345
0.6067510949
0.5844723829
0.6223627691
0.6099018992
0.5994029021
0.6057491174
0.6079003929
0.6048069272
0.6080720849
0.6215618623
0.6069854985
0.6581573633