0.6878275747
0.6839446259
0.6672849339
0.6701750533
0.6423246761
0.6830113269
0.7131605075
0.6566933646
0.6681807833
0.6692901488
0.6623614099
0.671322861
0.6758691101
0.6747180764
0.6306459031
0.6905935275
0.6641288933
0.6547688162
0.6649168072
0.6580269093
0.6738389782
0.6602652506
0.6557850173
0.6729671027
0.6871055785
0.6456463853
0.6530925227
0.6812566341
0.7000549573
0.6964468221
0.6801810519
0.7046253384
0.6900504969
0.6628087669
0.6436953335
0.6497015028
0.6720640302
0.6267095071
0.6328678036
0.6476943799
0.6629097244
0.6802796037
0.6332536568
0.6334995625
0.6165158829
0.7107033351
0.6870889623
0.6999622234
0.6885601527
0.7061101679
0.7010445574
0.659067835
0.7081490756
0.5736578818
0.6158364891
0.6053260496
0.6071345728
0.6227955824
0.6080153974
0.6030495353
0.6263639344
0.6121678509
0.5982425684
0.627771625
0.5939650644
0.6385384657
0.5885442612
0.6685582868
0.6015573604
0.628509793
0.6126866836
0.5965104184
0.5654836229
0.6110589265
0.580805026
0.5921536471
0.57300557
0.5619239454
0.6321659421
0.5661237758
0.5866636001
0.5740789402
0.5821842204
0.5838178327
0.6002939734
0.5895017317
0.5542882127
0.558503332
0.6246604278
0.6356632991
0.6343154531
0.6474819574
0.6394585624
0.6521889545
0.6352781819
0.6448826273
0.652706708
0.6652149328
0.6595359139
0.6812845639
0.6549013361
0.6540366504
0.6136379267
0.6281415441
0.6273580506
0.6394768831
0.6466716682
0.6463794751
0.6549369485
0.6321927523
0.6208536539
0.642541871
0.6390328821
0.6439689141
0.6306225397
0.6643552864
0.6325444758
0.6506762338
0.6527084956
0.6601241073
0.6409110565
0.6621460532
0.6463545165
0.6695839225
0.6390523112
0.6566119832
0.6720747609
0.6264686196
0.620616619
0.6570458145
0.6272905035
0.6260103893
0.6216062119
0.6446322248
0.6656522799
0.6632451262
0.6332882332
0.6343857124
0.6062841936
0.6542947938
0.6488203491
0.6417571934
0.603302756
0.645880512
0.6179991444
0.619657901
0.603374455
0.5916480791
0.6390828567
0.6665607612
0.6376682109
0.6237765778
0.6325703888
0.6501425641
0.5916240524
0.6359488823
0.6336967296
0.6397966114
0.6398103816
0.6377225054
0.6351790696
0.6154045079
0.6245170768
0.6061782742
0.606732153
0.567422754
0.6024898352
0.619714802
0.5740774775
0.5996743022
0.5563721052
0.5965337232
0.5810333173
0.5981938993
0.590943534
0.5888938902
0.5726924756
0.5968627009
0.601812109
0.5918794411
0.6042755373
0.5642868758
0.59797555
0.5815556103
0.5618045796
0.5892489594
0.5732897348
0.5577278963
0.5439596322
0.5909514431
0.564165533
0.5833249002
0.5889138489
0.5450854684
0.5564770348
0.5560536842
0.5827851473
0.5709843026
0.6016070757
0.5776003013
0.6101679803
0.617044761
0.5772582589
0.604031558
0.6119529502
0.6021490162
0.6171562458
0.5864946907
0.6229410773
0.6088654726
0.6004780486
0.6083661877
0.5965579722
0.5987129978
0.6153649146
0.596601949
0.6124078981
0.6204929308
0.6171578774
0.5832974821
0.5973172011
0.5761946882
0.5739853582
0.5973869468
0.5865942517
0.5947071943
0.6155143729
0.6148732009
0.6071067017
0.6005372979
0.6160335021
0.6146621979
0.5916653211
0.6365737682
0.5948339614
0.581785619
0.5789900029
0.6007034274
0.6058196874
0.5903511143
0.5962356642
0.5924883304
0.6020208973
0.6126059947
0.6143251283
0.603828008
0.5874069647
0.5956559157
0.6078017236
0.6033143957
0.6131658783
0.6153313102
0.6118640818
0.6007541043
0.6222228055
0.5849690795
0.6258603392
0.5844635996
0.6039126835
0.5776798644
0.6154728563
0.6049551093
0.6096057079
0.5762615455
0.5852662359
0.5822987118
0.6032846372
0.5955998446
0.5519627007
0.6060461605
0.6067326347
0.5971636991
0.6004865912
0.5988025712
0.5802127407
0.6130466997
0.5805512067
0.6117268404
0.6035920389
0.5822149615
0.5837665564
0.5844401345
0.5597867886
0.6002753861
0.5982001773
0.5917999891
0.5880699795
0.6012701606
0.5700550611
0.6004870549
0.5771056011
0.581400944
0.5971644061
0.5822861012
0.5933821414
0.5906516794
0.6034722439
0.595407455
0.5732157845
0.61735875
0.5627760961
0.5763610805