0.6253158867
0.6410143275
0.6515118376
0.6635087934
0.6422847779
0.6742080867
0.6870737215
0.6406656557
0.668512419
0.6448868222
0.6542698869
0.6741083183
0.6601922593
0.6450453876
0.637115028
0.6975254506
0.6623803904
0.6657153175
0.647133908
0.6488694671
0.6466140538
0.6542391961
0.6417269598
0.6858017765
0.676071243
0.6411561354
0.6585644153
0.6481235699
0.6344357884
0.6580328228
0.6893998866
0.6743857397
0.6561259038
0.6460255117
0.6306603456
0.6614829808
0.6306959119
0.654182723
0.6253148362
0.6069002862
0.6550755902
0.5990964166
0.6069279633
0.6453661055
0.6338261499
0.6539010268
0.6271635682
0.6377406799
0.6341204911
0.6425731193
0.637829362
0.5449862115
0.5965321688
0.6257753611
0.6297568312
0.6080456513
0.6391650165
0.6094813395
0.6127684205
0.5961576299
0.6032365705
0.5986864696
0.6315021829
0.568844455
0.6353523664
0.6531173756
0.5880305593
0.6288017547
0.6039889283
0.5769959177
0.5963821034
0.6164960088
0.5731407574
0.6047569026
0.5911441507
0.5911117943
0.6339981617
0.5888545822
0.5734163133
0.5677810333
0.5751947893
0.5906728547
0.6271788944
0.6106878092
0.5696091212
0.6040814791
0.5659429662
0.5717014481
0.5824251429
0.5877848712
0.5755333357
0.5905289684
0.6025144217
0.6151526456
0.5894881216
0.574877485
0.5948958851
0.575542686
0.5835871922
0.5550971179
0.5904847462
0.5881585083
0.6089421374
0.5833708037
0.5866404281
0.6078037401
0.6139637666
0.5947530639
0.6143974167
0.5643934783
0.5760805801
0.6212944417
0.5925530662
0.5989694903
0.577830835
0.6002943893
0.6267146106
0.593049527
0.6216718531
0.6167374911
0.6188796293
0.5949589361
0.6124975086
0.6213353159
0.6184774025
0.5845539138
0.6185892374
0.5741253475
0.5867859173
0.6021315518
0.5922209097
0.5961168687
0.5742922882
0.6286431238
0.5985639299
0.5768549454
0.5688465464
0.5964512095
0.5830509047
0.60656639
0.5881329577
0.5867003305
0.5749876338
0.577788728
0.6094698444
0.606023074
0.5676954388
0.5710954688
0.5957612835
0.5652452339
0.6356193061
0.5984680554
0.5937637159
0.6084769718
0.5915609516
0.6082935658
0.5755585889
0.5997283971
0.6261075662
0.590891657
0.5952960786
0.5623462648
0.5871155889
0.5990223377
0.5875772572
0.5655453285
0.5528692358
0.5877389626
0.5512028653
0.5975349213
0.591674715
0.5656190027
0.5849689238
0.5529064127
0.5885863728
0.5376971145
0.5470292933
0.5500835839
0.5670394561
0.5360404101
0.5526509416
0.5610747786
0.5464842404
0.5535188022
0.574881145
0.5490763003
0.5471683549
0.6029591206
0.5394377652
0.5455489647
0.5549084201
0.5495062985
0.5665926541
0.5301734889
0.5690486197
0.5410298718
0.541848895
0.5533811868
0.5633353263
0.5453976728
0.5537701396
0.5381479819
0.567683274
0.5814529222
0.5429400796
0.5913210251
0.56112949
0.5851897982
0.582404806
0.596751858
0.5631195694
0.5890436042
0.5898145879
0.5609961871
0.5601386118
0.5675527641
0.5866725626
0.5519931766
0.5758508549
0.579263245
0.5783134105
0.6048464493
0.591096523
0.611482346
0.5803774249
0.5726852336
0.58607319
0.6088028859
0.5603783512
0.5853192038
0.5794972245
0.5723374804
0.6050542356
0.5634701372
0.5846482059
0.5602818066
0.5962224293
0.6127217535
0.566887461
0.5854764597
0.5778555444
0.574235414
0.5621248711
0.5724954753
0.5779931457
0.5636863563
0.589762357
0.6023167974
0.555888281
0.599034468
0.57983409
0.5581480642
0.5779043063
0.575348098
0.5708977617
0.5557909457
0.5731542531
0.5784111623
0.5649473563
0.5922495738
0.5813558596
0.5745745322
0.5952930786
0.6106291752
0.5845198119
0.5975076683
0.5925772682
0.5854750121
0.5943229885
0.5888755916
0.5913878095
0.570010787
0.5770816311
0.5731902303
0.5735836951
0.5434575214
0.5534745348
0.5726333905
0.5543421896
0.5737820594
0.573917578
0.600855633
0.5770625004
0.5675839356
0.5651590375
0.5793221346
0.5664453125
0.5749213734
0.5912148112
0.5879843833
0.5363421711
0.5928316487
0.5705122684
0.5929788396