0.6675768998
0.6754693565
0.663231045
0.6651042842
0.6569716114
0.6624103934
0.6739585924
0.6316372069
0.637449
0.6694977109
0.6512950745
0.7177774076
0.6832568014
0.6827852696
0.6701246914
0.7107883037
0.7138604788
0.702981255
0.7010687427
0.7031836196
0.696644607
0.7160573911
0.7129162903
0.735529757
0.6898087432
0.7260460624
0.6866487746
0.7311834052
0.6889233048
0.6965842727
0.7034128344
0.7128417814
0.7039466248
0.6752930869
0.7040504741
0.7332319898
0.7260458426
0.7107127023
0.6938882625
0.6822779879
0.7180414238
0.6772963805
0.6922790699
0.7050321876
0.6958411264
0.7110256816
0.7135844412
0.7168397899
0.6778332237
0.6848328817
0.7458727792
0.6002214857
0.6335868601
0.608814472
0.6203068033
0.635936016
0.6511108853
0.6321141019
0.6577976232
0.6160855633
0.6389410314
0.663695844
0.6451954422
0.6822617932
0.6856146874
0.6518077188
0.6502026719
0.643798927
0.6292854277
0.6397367488
0.6410082085
0.6158477001
0.6839749234
0.6680206137
0.6540856751
0.701725681
0.6768887263
0.6861709251
0.6836197862
0.6865946895
0.6994029277
0.6305616981
0.6335817568
0.6086301602
0.6227194354
0.6391511902
0.6262493702
0.6328805799
0.6600631697
0.6491034872
0.633139516
0.6445268277
0.6203557763
0.6358396569
0.6455969659
0.6408168072
0.6546170985
0.6210766013
0.6097315603
0.6300621937
0.6554755144
0.7041938919
0.7041622177
0.6896727273
0.7004862083
0.6919087419
0.6668829312
0.6752217722
0.7120261628
0.6899339414
0.6924584852
0.6664641638
0.6871029394
0.7087012694
0.7107176621
0.696016417
0.7118105916
0.668272933
0.7108361212
0.6846374791
0.6849337097
0.7131739163
0.7067656527
0.6725243962
0.7168547286
0.688229526
0.6907146621
0.7397164385
0.6852635771
0.7138914777
0.6891788807
0.7305970862
0.7102564112
0.6914941185
0.6844774991
0.6941944906
0.6575012669
0.7151277493
0.6943484134
0.6881134158
0.6807388518
0.6738598955
0.6926774749
0.6983165337
0.6866408136
0.7142467259
0.7194056644
0.6777819865
0.6965034973
0.715115722
0.7030571072
0.7172468062
0.7133856437
0.7029700366
0.6904192614
0.6869614743
0.6158136175
0.6451595833
0.6110178881
0.6320825355
0.6381256335
0.6123227332
0.6172043326
0.6050282784
0.6615190487
0.6347691405
0.6359480911
0.6293104598
0.6368519047
0.6545675016
0.6389158318
0.6434447257
0.6371398911
0.6169948457
0.6125540928
0.6111449201
0.6118474674
0.5903292033
0.6157367716
0.6116659879
0.616659787
0.642550116
0.6127203769
0.5919982892
0.6453920922
0.6275885945
0.6496640907
0.6193882487
0.6186547609
0.6323201048
0.6571871519
0.6565089636
0.6667714438
0.6336012553
0.6329251355
0.6416510435
0.6410806648
0.6568989754
0.6526319602
0.6538503269
0.6468452563
0.6342589927
0.6673543651
0.6656819394
0.6855612485
0.6860926605
0.6524232008
0.6617557741
0.6793950237
0.6139309939
0.6301895357
0.643353598
0.6219805308
0.6471271525
0.6521823306
0.659883259
0.6602979684
0.7018314273
0.6755203331
0.6896126007
0.6479385281
0.6857103291
0.6408817627
0.6714104519
0.6743519366
0.6712920817
0.6406205303
0.6447242788
0.660103573
0.6343246333
0.6433629522
0.6451395953
0.6639180883
0.667476914
0.6660136294
0.6372620568
0.6498922577
0.6676001916
0.6380766924
0.6523947323
0.6672845761
0.6242609115
0.6506657753
0.6806957374
0.6389615776
0.6544476101
0.63661554
0.6266564862
0.6292366403
0.6483593136
0.6602375603
0.6463905697
0.620150376
0.6346686875
0.6567861111
0.6464043269
0.6139444003
0.6195790573
0.6643000834
0.6489817792
0.6413678847
0.6239810119
0.6368310344
0.6438777104
0.6274644167
0.6337462691
0.6069600907
0.600674277
0.6047439288
0.6044927327
0.5780993145
0.6089375549
0.6205559268
0.5981482005
0.6335202613
0.6099832387
0.6250853244
0.6159783666
0.621410463
0.636178816
0.6237823028
0.6024033053
0.6138382061
0.6129824245
0.6307686884
0.5902369174
0.6290064395
0.6217717335
0.6205504398