0.7030520219
0.7084309497
0.6933292941
0.6874221883
0.6803696188
0.7020353692
0.7060742803
0.6604212719
0.6953923979
0.7010389579
0.6871274417
0.714571124
0.7176984431
0.6816860761
0.6716749726
0.6994920721
0.6998950093
0.7097231456
0.677723904
0.691098658
0.6823240486
0.6934668202
0.6741826033
0.6871888756
0.6790995059
0.6714042953
0.6978767238
0.701126217
0.6663434229
0.6700457992
0.684845499
0.6901467624
0.6930981254
0.6596206109
0.6773153305
0.6881635788
0.6521190535
0.6616174304
0.6720435087
0.6615003186
0.6869333112
0.6355281442
0.6739686356
0.6885185761
0.681029094
0.6760665665
0.6782402354
0.6756683179
0.6697757551
0.6616234624
0.6877170198
0.581364435
0.6150686569
0.5910754035
0.5964662224
0.630110551
0.6163920739
0.6223605788
0.6134849688
0.5731953228
0.595197103
0.6250636092
0.6031611956
0.6419914741
0.6643542519
0.6141585739
0.6258864863
0.6072279539
0.6060870971
0.5823452555
0.6207573403
0.5765173163
0.6223437009
0.6411022825
0.6139664939
0.6569429464
0.6413596176
0.6362252178
0.6408961144
0.6134270265
0.6331339144
0.6349414365
0.6171268572
0.6149724622
0.6218858198
0.6367275355
0.5915470209
0.6224438506
0.6470714882
0.618059804
0.620853515
0.6440825526
0.6203371799
0.642656817
0.6194533884
0.6517315498
0.6390201196
0.6150545127
0.5901115567
0.6055039609
0.6230284855
0.6230400923
0.6199034348
0.6035099017
0.6276399654
0.5933383552
0.6173713966
0.6097059917
0.6345622449
0.6214245991
0.6338536378
0.6059042121
0.5936591623
0.6132637716
0.6509700017
0.6188967528
0.6559185725
0.6219190967
0.6364935669
0.6384358112
0.6440496281
0.6478010015
0.6262371165
0.5994748212
0.6324078368
0.6503249822
0.6096369609
0.6527219828
0.6392624293
0.6168922524
0.5979076419
0.6505887689
0.6139737549
0.6003298113
0.5953586819
0.6184039748
0.5930456884
0.6324818206
0.6161935996
0.6332876825
0.5944433521
0.6125825176
0.6141352207
0.6195855009
0.6133788734
0.6096432485
0.6418415713
0.6288457144
0.6434748098
0.6114261133
0.6355180914
0.6625623702
0.619740784
0.6100131907
0.6257864689
0.6210201991
0.6033353854
0.5837865642
0.5632188938
0.6051747356
0.5767281177
0.5901085271
0.5722862627
0.5371420734
0.5900874649
0.5495449983
0.5774670468
0.5705918658
0.5872375869
0.6034353338
0.5859076031
0.6191564226
0.5800957518
0.589978091
0.5623249703
0.5667118619
0.576190971
0.5667915266
0.5839407209
0.5692322799
0.5579468171
0.5742457685
0.5561437814
0.5776796488
0.6040292938
0.546098055
0.5567633721
0.5723966128
0.5836547301
0.575415517
0.568336229
0.6028438849
0.5616124345
0.5526496814
0.5788833865
0.5823644727
0.5354625887
0.5741700128
0.5829648292
0.5578193456
0.5778735952
0.5798408318
0.5853957526
0.5890294194
0.6052302627
0.5730973322
0.5930146127
0.5799641086
0.5976036374
0.5713678632
0.5602867716
0.5678672651
0.5878265359
0.5626461574
0.5705581683
0.5488550028
0.5748926062
0.6019690655
0.6090221253
0.5666624471
0.572702009
0.6237854821
0.5716024716
0.5981744618
0.5666792105
0.5738366867
0.5559688139
0.5698304051
0.6014760366
0.5735919799
0.5325547483
0.5582913697
0.5732608861
0.5933193826
0.562896831
0.5642253071
0.5687277479
0.5587174775
0.5489585801
0.5620621837
0.5738055754
0.5598267072
0.5685588718
0.6061369283
0.5460871521
0.5797367603
0.5829684381
0.5399721749
0.5647056183
0.5706744561
0.602003476
0.5890483015
0.5358776006
0.5569325489
0.5812870452
0.5557150902
0.5824033431
0.5895759113
0.5916091679
0.5632184783
0.5635471727
0.5611437213
0.5396111933
0.5811192983
0.5689367865
0.5789184226
0.5632724589
0.5541344042
0.5402269465
0.5607656737
0.530804694
0.5352606943
0.5537754987
0.5386670855
0.5526603112
0.5448841151
0.5763683257
0.5332867441
0.5406727672
0.5391546114
0.5606718523
0.5751194104
0.5656429602
0.5536382502
0.5401916309
0.5603460129
0.5443413644
0.5745903661
0.5845234318