0.6832114168
0.7233202354
0.7019716882
0.7089405478
0.6831456102
0.7080255969
0.7278515071
0.6926667687
0.6914989293
0.7074548359
0.6901077021
0.7309952598
0.6956960639
0.7108997351
0.6787739067
0.722004359
0.7143001677
0.7038239975
0.710236752
0.7309306388
0.7120563515
0.7334605161
0.7192861731
0.7257854337
0.7138598229
0.7175669132
0.7111956184
0.7621748959
0.7164004543
0.7006305133
0.7164333068
0.714986492
0.6924842099
0.6611028072
0.6906921695
0.6983743226
0.7014365115
0.6815727895
0.6838008622
0.6754533785
0.6734848839
0.6715477678
0.714161766
0.7086718066
0.7145134757
0.697228278
0.7135343461
0.7166161945
0.6954063614
0.6878302943
0.7635774439
0.597978596
0.6275085053
0.6457688465
0.6218156794
0.6515034442
0.6407671973
0.6480324136
0.619916841
0.6004033642
0.6322171337
0.6418812619
0.6232740598
0.6450399207
0.6798246689
0.6293681999
0.643314286
0.642118537
0.6259722975
0.6233564545
0.6712008633
0.6212978003
0.6826020877
0.6587950751
0.6572857869
0.7137945862
0.6613156006
0.6944566842
0.6759413995
0.6838007085
0.6476405587
0.6467434539
0.6421767126
0.607594415
0.6105807675
0.6341775713
0.6323162498
0.6259802779
0.6380134963
0.6464379524
0.6485529143
0.6340433245
0.6509570044
0.6412479266
0.6388349624
0.6249066644
0.6534645132
0.6274730917
0.6140512224
0.6311702374
0.6789398573
0.686636198
0.6995035099
0.6712376611
0.7094554143
0.6679408991
0.6919259921
0.6984865492
0.7071488621
0.6988011014
0.7082610998
0.6957506884
0.6873271451
0.7058521666
0.7149097326
0.6925654159
0.710513576
0.6891845411
0.7209829393
0.7127244036
0.713904443
0.7074213728
0.6879483887
0.6857061473
0.7116234923
0.6695313817
0.6833102411
0.7377462771
0.6870537382
0.696956225
0.6829344677
0.7159648324
0.6958852044
0.6864735708
0.6752468018
0.6894782311
0.6648229804
0.6997850738
0.683816104
0.6801272897
0.6814429193
0.6857743315
0.71693025
0.7081079566
0.683297719
0.7030069167
0.708120897
0.6963870757
0.7059183813
0.6996707606
0.681067871
0.7318719741
0.70770629
0.6847254436
0.700548104
0.6953505392
0.6050995568
0.649567787
0.6025144306
0.6360256565
0.6284152148
0.6323177235
0.6143324392
0.665146622
0.6533643601
0.6136949748
0.6388372004
0.647933951
0.6425117263
0.6557563289
0.6483278455
0.6339694019
0.6270224052
0.607794042
0.6070630011
0.6058145876
0.6078688064
0.6110939722
0.6254906997
0.6220023609
0.6209605039
0.6203996548
0.6037260796
0.5909774924
0.6557331178
0.5964341134
0.6426722596
0.6387552522
0.6352274898
0.6313183755
0.6308583729
0.6541073192
0.6248877559
0.607268325
0.6371485586
0.6487935327
0.5920113594
0.620985042
0.6005107724
0.6287433013
0.6383373261
0.6443048714
0.6499519915
0.6634873099
0.6873430295
0.6858947703
0.6494470264
0.6559507337
0.6842057506
0.6475649176
0.6471810426
0.6344543779
0.6417243246
0.6371090985
0.6553720415
0.6517622881
0.6422899654
0.6819283706
0.6749723723
0.6503479545
0.6253800828
0.6604957449
0.6644233593
0.6976123122
0.6724716723
0.6475385063
0.6231985483
0.6662483828
0.6553834194
0.6518675672
0.6468909683
0.6502295328
0.6641564201
0.7024860978
0.6687070778
0.6397381135
0.6304692771
0.6307318202
0.6634525433
0.6406724102
0.653222327
0.6568515264
0.6469454792
0.6676579428
0.6627713865
0.6783344946
0.6261557286
0.6501076746
0.6735217014
0.6351907256
0.6662978131
0.6492788337
0.6263661107
0.6433079936
0.6551214094
0.6559914157
0.6472330074
0.6144281859
0.6644416234
0.6664019201
0.6375824958
0.6529440274
0.6412842988
0.6700675314
0.6594357244
0.6339236806
0.6245278622
0.5939818539
0.6102613933
0.6107417571
0.5810222104
0.5775430439
0.6043813815
0.5957765797
0.5938908926
0.6062136991
0.622916496
0.6197032596
0.5764886283
0.6279249144
0.609830637
0.5884012545
0.5998495368
0.6018378999
0.610090023
0.5965835767
0.6160802509
0.6034616339
0.6335297476