0.678277781
0.704496168
0.6872967915
0.6930403758
0.6660231075
0.6966861876
0.7444946371
0.7090516389
0.7055014962
0.7186609158
0.7257713079
0.7264155165
0.7224385389
0.7336882053
0.6928945112
0.7208461528
0.7250702429
0.7456782912
0.7353114736
0.7126894975
0.7200520412
0.7282965604
0.7124135038
0.7555682434
0.7117830387
0.7154915472
0.7306216664
0.7242364625
0.7008732395
0.7181019481
0.7300621153
0.7195841994
0.7127949295
0.6812570089
0.7151421826
0.7242074237
0.7159961939
0.7166559048
0.6978303868
0.698468232
0.7192726879
0.7028820137
0.6905111874
0.7170425519
0.7275600047
0.7070046749
0.7130163162
0.708291416
0.7143744732
0.7020836088
0.7738741034
0.6370436848
0.6515293875
0.6354143629
0.6404931997
0.667902807
0.6627777433
0.6518976167
0.6857452508
0.6254368404
0.6598754187
0.6557142548
0.6262294956
0.6610855874
0.6614602091
0.6160826474
0.6651676358
0.6457489336
0.6476318414
0.6178548705
0.6577529461
0.6338595453
0.6798966736
0.693714775
0.6530771036
0.7033043548
0.6110450867
0.6334071838
0.6568047565
0.6305569708
0.6399087575
0.6469198246
0.6255215644
0.6226756829
0.635815063
0.6418780908
0.645032274
0.6323021516
0.6457341596
0.6458557265
0.6645235973
0.6448272192
0.6522885733
0.6422445784
0.6244837869
0.6348014703
0.6624775358
0.6381889261
0.6436463544
0.6361867729
0.6893906533
0.712738791
0.6810222056
0.6597509725
0.7065955195
0.6895880716
0.7111778833
0.6908155792
0.7034787843
0.696361673
0.7042008881
0.6998085569
0.702994504
0.7114162054
0.7015458837
0.6917018905
0.7170132645
0.7045115415
0.6936485711
0.7106923653
0.701797958
0.7002372346
0.7312566767
0.6698561831
0.707050281
0.6840829609
0.6880177987
0.7178552971
0.7073848173
0.6845797812
0.7048979185
0.7172115236
0.6847762312
0.7102236336
0.6858220163
0.6803344253
0.7141214175
0.7093527217
0.7301669778
0.7097025503
0.698645942
0.7043360771
0.7099727739
0.7287505465
0.6865829434
0.7098834719
0.7188011879
0.6961478918
0.7179596453
0.7114772102
0.7153127179
0.7226464418
0.717123866
0.728009685
0.6976666869
0.6771022616
0.6392195803
0.6480916014
0.608374303
0.6633888436
0.6401473037
0.6321217457
0.6367609211
0.596790903
0.6652051485
0.655167797
0.645214051
0.6654123138
0.651388908
0.6785138663
0.6444398781
0.6660981502
0.61982797
0.6266323006
0.6243540469
0.6443655146
0.6170257395
0.6308840914
0.6325998977
0.6513312565
0.6221685566
0.6389255187
0.6177676352
0.633977636
0.6272767062
0.6337035737
0.6322587436
0.6329667174
0.6395166087
0.630911774
0.6382472318
0.6632756445
0.6522056504
0.6581617496
0.6524129346
0.6589376318
0.6255296386
0.6706552669
0.6500857029
0.6180046774
0.6254505865
0.6355500914
0.6333471534
0.6747202013
0.6607718291
0.6655143018
0.6506234596
0.6669774361
0.6802133679
0.6157052498
0.6282193327
0.6471403784
0.6502109072
0.6249000031
0.6385743112
0.6611992072
0.6812979789
0.6473527523
0.6714948456
0.631695927
0.6444535918
0.6997523582
0.6419974661
0.6766242509
0.663014903
0.6509761601
0.6384244244
0.6317216502
0.6404198774
0.6332868517
0.6401065464
0.6333230093
0.6466143069
0.6697722947
0.6465280421
0.6518852142
0.6506113226
0.6762083334
0.625507492
0.6358416676
0.678994262
0.6497482178
0.6712257113
0.67536717
0.6388340136
0.6696033059
0.6642674195
0.6072567282
0.6455789608
0.6662638457
0.6784950033
0.6587198718
0.6378356794
0.6443719121
0.6446950297
0.6490342158
0.6312267074
0.6448384387
0.6406625354
0.650560457
0.6313246029
0.6467348163
0.6438090256
0.6579537366
0.6230786623
0.6738759247
0.6169448184
0.6038379883
0.6204171162
0.6147072567
0.5997426889
0.5953998309
0.6137927427
0.6094957497
0.6389090435
0.613738482
0.6131115394
0.6046678468
0.6039131323
0.6197783514
0.6301852818
0.5881092623
0.5860430439
0.6199860921
0.597440889
0.6230535926
0.6207802549
0.6100071212
0.6597475121