0.7068979004
0.7248826898
0.7139108499
0.7088857021
0.6788972599
0.7114257204
0.7318076678
0.6960261927
0.7010565072
0.7068604332
0.702080736
0.7333766889
0.7066376711
0.7122851837
0.6963618359
0.7050527712
0.7042830068
0.7156975998
0.7069010491
0.7191735662
0.7174440541
0.703902123
0.7005383923
0.7438007118
0.6806775063
0.6765030172
0.7004789215
0.7283499439
0.6825648779
0.670644715
0.713005221
0.7110587921
0.7233601656
0.6832637837
0.7179014343
0.7294932272
0.701870834
0.692772028
0.7017080278
0.6806554743
0.6889887648
0.6860768463
0.698839248
0.7216299259
0.6791521956
0.7097485328
0.7105087048
0.7031363588
0.7070107699
0.6812278001
0.7672306157
0.6211398776
0.6270406437
0.6382044775
0.6448239479
0.655123388
0.6431992087
0.6486870045
0.6482918101
0.5957747511
0.635094487
0.6339766156
0.6314174612
0.6477684084
0.7001133364
0.6412459872
0.6535108056
0.6497455821
0.6381640794
0.6226028881
0.6374064386
0.6442799433
0.6572604777
0.691470866
0.6697584036
0.7212143623
0.670794854
0.6666727975
0.6865651147
0.6894146982
0.6834378776
0.6909211516
0.6783841822
0.6725723258
0.6998446907
0.6774345716
0.6721897706
0.6958489668
0.6807579208
0.6955751515
0.6673253472
0.6564489858
0.6323364549
0.6402399601
0.6392613861
0.6619993312
0.6440007989
0.6513875861
0.6257764671
0.6336206806
0.6485752576
0.6672542159
0.6632081176
0.6353634778
0.6321112423
0.6335640911
0.6391447699
0.6224552102
0.668031884
0.6952250062
0.6580890797
0.6577930256
0.6624091123
0.6592892537
0.6863700838
0.6562265629
0.6939976887
0.6731334221
0.6865152188
0.6485021489
0.6520147959
0.6946559766
0.7100052897
0.6869230078
0.681928106
0.685450444
0.6928982283
0.7196918295
0.6957758462
0.6929074111
0.7009151585
0.7078373245
0.6741811464
0.6999193577
0.6870110364
0.7002248574
0.6782587659
0.6699873273
0.6946296283
0.6941360878
0.6905000961
0.6790825265
0.7146894784
0.7049342974
0.6594361172
0.6937396229
0.7122807715
0.6924356614
0.6921629911
0.6888040397
0.6926660787
0.7159734647
0.7195102463
0.6827518992
0.6924893578
0.6823909749
0.6380089053
0.6578041423
0.6209621444
0.6434094139
0.6446946876
0.6402799704
0.6343754145
0.6158451139
0.6624190448
0.6347409446
0.6305022774
0.6792034809
0.6369182469
0.6439660219
0.6356673811
0.6546796982
0.6194220205
0.623204325
0.6222158976
0.6328833274
0.6012903119
0.6238732113
0.6120655449
0.6503494315
0.6198560457
0.6600472846
0.6151543897
0.6128705051
0.633552029
0.6326939902
0.6096550988
0.6565553698
0.6485995117
0.6214824947
0.6229563775
0.6371818043
0.6423274894
0.6001208809
0.6377151692
0.6404846363
0.6164257394
0.6259362738
0.6160446709
0.6292705605
0.648753605
0.6435083475
0.6537683616
0.6533546933
0.6693697984
0.6537407252
0.6276783509
0.6626404593
0.6808455842
0.6196175177
0.6094539943
0.6483481895
0.6335727605
0.6511072483
0.6698186305
0.6496526102
0.6626620368
0.6999410927
0.6779850064
0.661000484
0.6625323216
0.6921004994
0.6498164082
0.674909998
0.6527135544
0.6615330302
0.6463122471
0.6291026457
0.6451929252
0.6717004542
0.6181581105
0.616206889
0.6634887684
0.6910005132
0.6784292578
0.6413074359
0.6268238251
0.6571915179
0.6511466322
0.6336327689
0.6416922436
0.6272863477
0.6448305768
0.6744509034
0.6463656762
0.6585070914
0.6336795772
0.6437392337
0.6454844703
0.6749356803
0.6735454871
0.6663479977
0.6104442447
0.6440668202
0.6484711141
0.6425173013
0.645244883
0.6454935706
0.6431061578
0.6447782881
0.6447313606
0.6347224159
0.6353082436
0.6755806645
0.6368607463
0.6338237929
0.5961567028
0.6047603261
0.6009609668
0.5994389558
0.5760118294
0.5804360991
0.6122843463
0.582314016
0.6461374934
0.6075570352
0.615432214
0.6247222581
0.5854308337
0.60436492
0.61594725
0.5824235811
0.5800496221
0.5935342761
0.6144816466
0.6025914688
0.6420397309
0.5985639152
0.6781209896