0.9716340339
0.9794366234
0.9828936145
0.9742663064
0.9811185302
0.9792447289
0.9737786262
0.9734288402
0.9789780998
0.9733057785
0.9768224077
0.9781768955
0.9804735501
0.9835058435
0.9826963978
0.9822761193
0.9792271417
0.9840859039
0.9811395927
0.9812837394
0.9805354278
0.9776451911
0.9796167421
0.9858166285
0.9819266203
0.9827420831
0.9865736447
0.9776995781
0.9849809381
0.9732532938
0.9704297279
0.9695637794
0.976598197
0.9749873905
0.9781262369
0.9750781871
0.9794441324
0.9822309012
0.987712914
0.9820628278
0.9773233654
0.9806464444
0.9793452511
0.9788127277
0.9755413036
0.9744700906
0.9809465719
0.9825287573
0.9775582985
0.9819655285
0.980270365
0.9787807681
0.9763706485
0.9797583195
0.9812720058
0.9794571034
0.9721292199
0.9818215388
0.9834145513
0.9754638214
0.9815920935
0.9847028088
0.9835507903
0.9805423111
0.9848311332
0.9717638041
0.9793209982
0.979057246
0.9795196323
0.9771548464
0.971418248
0.981852071
0.979933514
0.9789103333
0.9800354113
0.982298831
0.9779466842
0.9749909275
0.9767642507
0.9838818776
0.9778155386
0.9842278334
0.9824883192
0.9837448518
0.9818198785
0.9753610599
0.9765377002
0.9781165473
0.9803493769
0.9835654104
0.9821751917
0.9752545079
0.9766234626
0.9751311044
0.9811184568
0.976672292
0.9788916783
0.9822436781
0.9745602195
0.9781591441
0.9791287979
0.9825457394
0.9834322526
0.9781559167
0.9769697167
0.9789757212
0.9667644737
0.9811828746
0.9815400272
0.9844091212
0.9832204885
0.9825253813
0.979692161
0.9820220423
0.9836807935
0.9806504852
0.983534623
0.9785392163
0.9810170562
0.9835728367
0.9776947965
0.9801453793
0.9779092938
0.9818764259
0.9857362556
0.9744907036
0.9723825956
0.9817546249
0.9803148404
0.980098788
0.9795083161
0.980854732
0.9816511007
0.9825055163
0.9818597285
0.9808665064
0.9800147195
0.9839771375
0.9820569414
0.9794298726
0.9812190279
0.9798530547
0.9798855004
0.9832555332
0.9821362172
0.9848813029
0.9793481674
0.9831658277
0.9846013149
0.9849610282
0.980992941
0.9867717666
0.9791838188
0.9810699791
0.9840878223
0.9834043842
0.9784805763
0.9805522204
0.9863238823
0.9827725648
0.9833935294
0.9832556748
0.9792927887
0.9737091344
0.9807906841
0.9816718159
0.9797356545
0.9816034938
0.9809169634
0.9798079338
0.9836633002
0.9794077553
0.9839397084
0.9795867393
0.9828123673
0.9794282956
0.9853081899
0.9779378679
0.9787551516
0.9818953504
0.986597028
0.980400555
0.9883624458
0.9822800185
0.9807723587
0.9815152998
0.9808414998
0.9807330769
0.984870923
0.9833722593
0.9822446526
0.9820118678
0.9786889708
0.9802633998
0.9822463814
0.9793398539
0.9810743744
0.9852979447
0.9828852209
0.9840444269
0.9834289389
0.9857669206
0.9799464857
0.9833680935
0.9872983016
0.9867286872
0.9837828182
0.9821618913
0.9835253191
0.9812034483
0.9775136552
0.9839424619
0.9856162289
0.9825011806
0.9865405717
0.9835146883
0.9824066017
0.9830600255
0.9858338393
0.9819827616
0.9845653426
0.9802788778
0.982116631
0.9779763696
0.9782814094
0.9828765532
0.9805803357
0.9787945142
0.9859973059
0.9831282599
0.9742107797
0.9829226954
0.9785801999
0.9841133985
0.9792444599
0.9785800355
0.9841583162
0.9816753284
0.9824675485
0.9820080932
0.9877214216
0.9855292507
0.9860574747
0.984154237
0.9826099875
0.9839801064
0.9751656791
0.9807464547
0.9833268363
0.9864411265
0.9796562879
0.9759700813
0.9820642817
0.9764013383
0.9765643344
0.9842098031
0.9779327381
0.9819295513
0.9798953973
0.9870056548
0.9852775424
0.9844351902
0.9870348017
0.9863937974
0.9829522858
0.9859714874
0.9824684146
0.9819682579
0.9817998025
0.9823799896
0.9816490638
0.9829155053
0.9818481149
0.9808811998
0.9792240212
0.9831583202
0.9774828694
0.9857112493
0.9809780914
0.9856941866
0.9865502554
0.9848579964
0.9834996197
0.9844663857
0.9852081317
0.9823874066
0.982861724
0.982988748
0.9825355524
0.9855142996
0.9861439009
0.9825971225
0.9822926822
0.9823253644
0.9838088256
0.9798114664
0.9811043475
0.9843052576
0.9840224024
0.9857876938
0.9832656692
0.9836303519
0.9858892128
0.9902007361
0.9883921866
0.9879526913
0.9873248347
0.9842221835
0.9847302364
0.9864589926
0.9862824448
0.9834352198
0.9804044422
0.9756392465
0.9818270931
0.9826377423
0.9853245769
0.9802401106
0.980934653
0.9814025497
0.9869158192
0.9848219568
0.9863951935
0.9815191797
0.9858606819
0.9822567888
0.9816566528
0.9846605187
0.9875424824
0.9851869071
0.985382644
0.985534242
0.9864225723
0.9821403289
0.9868488399
0.9807671836
0.9851266622
0.9833718123
0.984349612
0.9861586286
0.9815154104
0.9815231361
0.9816570259
0.9834333499
0.9846570507
0.9850932608
0.9868876976
0.9831507686
0.9863614758
0.9881030477
0.9890449638
0.9866679722
0.9886646933
0.9852854335
0.9821395709
0.9840846218
0.9785673796
0.9862459049
0.9798501842
0.9819982878
0.9855807357
0.9826562331
0.9856196002
0.9843177604
0.9880082357
0.9884596884
0.9871032268
0.9828655196
0.984973979
0.9854120486
0.9797594864
0.9877951886
0.9838978264
0.9882419976
0.989577739
0.9860592161
0.9828447175
0.9850239975
0.9857083444
0.9882566695
0.9849869572
0.9827350613
0.9816312273
0.9824081739
0.9849254446
0.9849568001
0.9791647226
0.9855333461
0.9843066353
0.9807852279
0.9840186941
0.9844532512
0.9837464917
0.9852103364
0.9872953113
0.9866391293
0.979965812
0.9861050605
0.9805544956
0.9859773413
0.9862997463
0.9858091816
0.9839171833
0.9811635958
0.9847579095
0.9806806149
0.9788605325
0.979360806
0.9840086674
0.9864506283
0.980137311
0.9807674483
0.9867356722
0.9848102367
0.975820901
0.9836896273
0.9831293828
0.9809101168
0.9844978765
0.9839185806
0.9881454875
0.9773011868
0.9773065305
0.9833960404
0.9839135129
0.9814518393
0.9803624027
0.9814368195
0.9767472
0.9839797964
0.9854559973
0.9880825445
0.9882835866
0.9863647199
0.9843637874
0.9857645519
0.9851252744
0.9821907221
0.9861628557
0.9845254695
0.9848376717
0.983576772
0.9874977358
0.9875927712
0.9849858541
0.9833781685
0.9850793881
0.9853903658
0.9863902848
0.9852108712
0.9898139928
0.9842591342
0.985227059
0.9805156797
0.9909680255
0.9911457769
0.9866876508
0.9854129343
0.981745693
0.9870076971
0.9874580046
0.9859686406
0.9837206292
0.9843944492
0.983726184
0.9825402247
0.9858612419
0.9865195679
0.9827286775
0.9888506876
0.9847807716