0.9716340339
0.9794366234
0.9828936145
0.9742663064
0.9811185302
0.9792447289
0.9737786262
0.9734288402
0.9789780998
0.9733057785
0.9768224077
0.9840528297
0.9790166202
0.9808161499
0.9776581496
0.9816349907
0.9810966239
0.983978448
0.9848719648
0.9827904339
0.9784964613
0.9815767851
0.9798474302
0.9818822094
0.9837668002
0.9848855607
0.9781025959
0.9798486019
0.9817843073
0.9780524333
0.9782882346
0.9725607921
0.9785512576
0.9761140479
0.9814995351
0.9817476051
0.9817050439
0.987404928
0.9847111517
0.9785626572
0.9811000319
0.9811460269
0.9804636193
0.9803323091
0.9791663827
0.9790347808
0.9848376248
0.9791416342
0.9863682818
0.9827700654
0.9794682757
0.9784166399
0.9809850192
0.9773066687
0.9813588791
0.9786400028
0.9839788513
0.9837883757
0.9800036458
0.981005932
0.9848598059
0.982740864
0.9794715041
0.981864035
0.9809687594
0.9800829912
0.9843606254
0.979567015
0.9749407053
0.9759243085
0.9759025124
0.9873317385
0.979242444
0.9792677844
0.9806822542
0.9828449157
0.9802673715
0.9733587539
0.9803231599
0.9824166891
0.9788280456
0.982048211
0.985303262
0.9826241205
0.983620859
0.9760696402
0.9779630917
0.9810401631
0.9798898341
0.9769273886
0.9825326249
0.9792584935
0.9705375528
0.9749135593
0.9766547149
0.9806648498
0.978333491
0.9790220017
0.9761991178
0.984123156
0.9759574932
0.9843778835
0.9856400223
0.9816014164
0.9730336445
0.9825629073
0.9781705623
0.9804672113
0.9831177822
0.9817307848
0.9868825731
0.9797987496
0.9820031994
0.9854063964
0.9820148291
0.9820936236
0.9839679862
0.9762211382
0.9805326652
0.981905939
0.9777635744
0.979510119
0.9866379371
0.9870207396
0.9845447244
0.9813230847
0.9791299478
0.9771576964
0.9731096621
0.9814489051
0.982488594
0.9789881558
0.9825674946
0.982500367
0.9799232259
0.981530372
0.9817517967
0.9824380272
0.9818071334
0.9799366151
0.9817657958
0.9774013353
0.9841666088
0.9826020593
0.9844281197
0.9805539733
0.9828662493
0.9882757604
0.9857130985
0.9806297559
0.9822603482
0.9743922824
0.9852658269
0.981789013
0.9816932388
0.9829699463
0.9791635053
0.982701169
0.9830620199
0.9825056578
0.9841012463
0.9791814009
0.9819466992
0.9783110162
0.9749421969
0.9823894969
0.9823059494
0.9840573349
0.981845006
0.9824336932
0.9843314949
0.9847992924
0.9817242396
0.9862249767
0.9857271851
0.9810947634
0.9860084852
0.9842967302
0.9847702655
0.9850270308
0.9858309299
0.9825614573
0.9878116767
0.9815496473
0.9826129981
0.9811885798
0.9847361589
0.9803490265
0.9774416687
0.985396485
0.9836684272
0.983207578
0.9831907417
0.9820337755
0.9863778488
0.9832391305
0.979932977
0.984689128
0.9803560047
0.9840563469
0.9846935514
0.9847052176
0.9835316656
0.985285498
0.9803469703
0.9818506118
0.9841816236
0.9828427921
0.9844668989
0.9833618636
0.9819759899
0.9818673267
0.9878112528
0.9832915081
0.9861602373
0.9825690332
0.9832617129
0.9868559051
0.9848831425
0.9836421179
0.9847696333
0.986213492
0.982961219
0.9825824661
0.9799042893
0.9826290118
0.978493411
0.9820532878
0.9863054211
0.9797150332
0.981540737
0.9823243469
0.9783047185
0.9844412038
0.9829726426
0.9854563813
0.9838870635
0.9847304742
0.985744693
0.9888011719
0.9871740027
0.9841467677
0.9848172874
0.9850296044
0.9813238922
0.9822544342
0.9752692899
0.9825591514
0.9833511611
0.985597743
0.9828005659
0.9845313549
0.9840938781
0.9802521549
0.9753743605
0.9832886026
0.9799460201
0.9820500787
0.9818338049
0.9875052803
0.9878767897
0.9835116895
0.9893590588
0.9849716357
0.9866414395
0.9821351364
0.9848118074
0.9835662263
0.9786693295
0.9875677147
0.9822874664
0.9812621113
0.9864528955
0.984437959
0.9817994903
0.9793438048
0.9793533676
0.9873489944
0.9835562066
0.9870402029
0.9843405929
0.9833808603
0.9849245299
0.9864513036
0.9851226248
0.9847895158
0.9851068683
0.9852290574
0.9813691124
0.9869556793
0.9894906241
0.9816298524
0.9810171539
0.9838598228
0.9855371571
0.9813165148
0.982732013
0.987501758
0.9825873365
0.9850612055
0.9853712194
0.9827755534
0.9833613884
0.9908812449
0.9869753002
0.9873517081
0.9847356864
0.9851258868
0.9864204276
0.9899105517
0.9846938467
0.9827854564
0.9867698051
0.9817266041
0.9843575358
0.9866231188
0.983274525
0.9805189523
0.9816299678
0.9853323795
0.9865175444
0.9849131967
0.9897712647
0.9829407771
0.9853640226
0.9856939126
0.9885188822
0.9871909088
0.9844114834
0.9897407337
0.9862187085
0.9862487447
0.9900827902
0.9857143669
0.9877500825
0.9863339319
0.9759471488
0.9828921796
0.9887301479
0.9812747874
0.9837339681
0.9774034539
0.9834284381
0.9831775758
0.9876890575
0.9796232502
0.9837414897
0.9849995629
0.9865520052
0.9869649043
0.9861974414
0.9869466726
0.9874172227
0.9854433753
0.9824027695
0.9855920271
0.9812239666
0.9854608414
0.9849020831
0.9851654526
0.988120407
0.9873821107
0.9886060841
0.986728743
0.9831787822
0.988132587
0.9852384777
0.9869862823
0.9857430787
0.9847313477
0.9858426957
0.9826453966
0.9831996429
0.9867162447
0.9891042146
0.982870753
0.98717611
0.9898730143
0.984019376
0.986945964
0.9825680994
0.9843846873
0.9851808578
0.982358356
0.9828489506
0.9822277814
0.9825190698
0.983529244
0.9879554278
0.9870563748
0.9872670179
0.9883550725
0.9856539009
0.9855106647
0.9879428523
0.9879596176
0.9837325887
0.9845446743
0.9811716832
0.9875753226
0.9880744524
0.9877581443
0.9862980615
0.9787365075
0.9853847609
0.9786527531
0.9822867818
0.9788704133
0.9815832196
0.9833203056
0.9820721821
0.9853999417
0.9885921535
0.9881576444
0.9828498354
0.9848755506
0.9825120924
0.984884269
0.9826428044
0.9839859242
0.9874387721
0.9793011427
0.9861445128
0.9854139755
0.9850143748
0.9805130865
0.9777769765
0.9837873438
0.9778685187
0.9835722601
0.987513209
0.9856134449
0.9858016784
0.9870067928
0.9838626937
0.9881321402
0.9889733873
0.9861819382
0.9887281141
0.9867547459
0.9826993389
0.9855187588
0.9847059396
0.9904641785
0.9892194978
0.9871612454
0.980359528
0.9839307404
0.9856578261
0.9829361204
0.9877232635
0.9842114969
0.9850045336
0.9863138559
0.9890449207
0.9898148715
0.98416873
0.9824838789
0.9834512814
0.9864777419
0.9798004777
0.9885531243
0.985422486
0.9857849548
0.9832113626
0.9849143449
0.9868752601
0.9867033023
0.9843307368
0.9855206551
0.9866582731