0.9716340339
0.9794366234
0.9828936145
0.9742663064
0.9811185302
0.9792447289
0.9737786262
0.9734288402
0.9789780998
0.9733057785
0.9768224077
0.9781768955
0.9804735501
0.9835058435
0.9826963978
0.9822761193
0.9792271417
0.9840859039
0.9811395927
0.9812837394
0.9805354278
0.9814443649
0.9836137483
0.9844501569
0.9780222659
0.9827958961
0.9809892663
0.9799403268
0.9794590757
0.9747379556
0.9743734971
0.9724541644
0.9747984754
0.9643573933
0.9771155708
0.9777246947
0.982754285
0.9808332878
0.9818681668
0.979488712
0.9759414542
0.980125814
0.9747316957
0.9774411736
0.9741542436
0.9793174857
0.979081262
0.9814054338
0.9745846554
0.980427423
0.982390446
0.9738046529
0.9779451209
0.979594955
0.9821195581
0.9779883519
0.9782978182
0.9816754617
0.9809696349
0.9815377738
0.9830386268
0.9858232348
0.9779479733
0.9838596733
0.9848420971
0.9790625678
0.9820178297
0.9757764773
0.9780078394
0.9747937105
0.9776895206
0.9812168368
0.983692392
0.9823767552
0.9816864812
0.9781220507
0.9833724821
0.9725726408
0.9795846656
0.9838036025
0.9837032553
0.9829317656
0.9801004566
0.9807474032
0.9804987226
0.9808302498
0.9791179734
0.9799930375
0.9802007119
0.9798224481
0.9818530091
0.9763589902
0.9772523429
0.9754845174
0.9826609686
0.9805954609
0.9740957223
0.9800382798
0.9749153661
0.9805743224
0.9739984806
0.9797313765
0.9862287323
0.9814521528
0.9728124277
0.9847064856
0.9741347807
0.9802169322
0.9834008212
0.9810897313
0.9822756098
0.9821768546
0.980537416
0.9823974917
0.9816027657
0.9773233977
0.9842284888
0.9787398633
0.9785906686
0.9769204228
0.9751138251
0.9774376034
0.981824842
0.9781933153
0.9822111643
0.9822507066
0.9722177917
0.9844442152
0.9812668706
0.9833516604
0.9769381089
0.9717817022
0.9819638183
0.9817424996
0.9785883308
0.9802844016
0.9792154777
0.9859451754
0.9816059461
0.9785056545
0.979130253
0.9813809713
0.9811262832
0.9845606368
0.9822324663
0.9801332908
0.9821739524
0.985967267
0.9823494951
0.9841586183
0.98600778
0.9865080153
0.9812950235
0.9802778888
0.9807683337
0.9788273504
0.9834432889
0.9801932885
0.9830098453
0.9857769845
0.9851272964
0.9844440251
0.9764804041
0.9721096001
0.982657964
0.9831670984
0.9782660137
0.9840912622
0.9808253283
0.9773022981
0.9799227933
0.9792812699
0.9794723327
0.9840885651
0.9837491647
0.9817995275
0.9783995285
0.9718081216
0.9783259743
0.9860796846
0.9830186097
0.9807530769
0.9848050364
0.9807945772
0.9859148483
0.9806742446
0.9826087197
0.9797369415
0.9791507845
0.9811376062
0.9836689405
0.9866723427
0.9770746844
0.9801422419
0.9847966928
0.9811006611
0.9755873592
0.9828641565
0.9818687691
0.9809136425
0.9821133197
0.981564183
0.9795212393
0.9812554509
0.984295861
0.9855740348
0.9841353787
0.9847387704
0.9860910044
0.9814649116
0.981853346
0.9832527808
0.9872200813
0.9806320465
0.9851199314
0.9858752907
0.9824126647
0.9853091026
0.9839115937
0.9815637768
0.9840928078
0.9822601482
0.9840056298
0.9838389836
0.9821348018
0.9811592525
0.9813495337
0.9743750243
0.9850951691
0.9872228849
0.9794214735
0.9813151911
0.9824331076
0.9891444793
0.9799742484
0.9774772243
0.983456843
0.9819306339
0.9837979848
0.9797054492
0.9865913116
0.9840679642
0.9877952496
0.9860400544
0.9834618371
0.9867645758
0.9748559603
0.983330034
0.9790577636
0.9825568833
0.9814228701
0.9830033588
0.9797374245
0.9774253231
0.975950825
0.9857228475
0.9836941619
0.9811614917
0.9785214164
0.9858759785
0.9861031085
0.9858242864
0.9814497333
0.9817711417
0.9863074379
0.979057356
0.9820794289
0.9796982808
0.9811645766
0.9882303483
0.9838180201
0.980857686
0.9831942495
0.9825942481
0.9805656678
0.9833977042
0.9757777987
0.9852080542
0.983882597
0.9864901994
0.9846441282
0.9864374081
0.9851815462
0.9847758696
0.9834177301
0.9813743672
0.9832491644
0.9849819584
0.982734694
0.98310956
0.9897100889
0.9816392397
0.9803027622
0.9781678553
0.9835742856
0.9790050083
0.9820598184
0.9832654837
0.9812759308
0.9753510298
0.9821014651
0.9837248368
0.98799461
0.9890222769
0.9849286494
0.9866023952
0.9860086956
0.9835962931
0.9793385867
0.9847134285
0.9866413077
0.9774786155
0.9827234883
0.9773037074
0.980264584
0.9864202165
0.9820464058
0.9806684819
0.9842804399
0.9788558598
0.984307385
0.9847447086
0.9880816388
0.9843493167
0.9861578163
0.9842010917
0.985884163
0.9851299612
0.9871239932
0.9826951068
0.9870914346
0.9851868494
0.9862127672
0.9826701896
0.9888201817
0.9859426582
0.9864157402
0.9848987335
0.9863074568
0.9821597288
0.9815139062
0.9819540485
0.9806334575
0.9832748506
0.9852809433
0.983976145
0.9804650715
0.9853309663
0.9879614242
0.9853122962
0.9852239278
0.9883242124
0.9883586768
0.9860219394
0.9811135578
0.9822450613
0.9819381715
0.9847001817
0.9809881409
0.9834120269
0.9843372803
0.9837153447
0.9852632255
0.9855170361
0.9843805368
0.9844470301
0.9782691896
0.9840680484
0.985877451
0.9841795846
0.9833810219
0.9836813146
0.9859699688
0.9872593628
0.9882612881
0.9829246169
0.986005707
0.9858302686
0.9829886308
0.9868438553
0.9799792348
0.9826411402
0.9816689974
0.9848051406
0.9828831861
0.9835831245
0.9842068209
0.98287241
0.987075863
0.9841472958
0.9842503142
0.9835782333
0.9814566657
0.9858404144
0.9876496278
0.9858186646
0.984352954
0.9760487137
0.9790639474
0.9828208351
0.9859046938
0.9871286326
0.9859887601
0.9782051964
0.9817471519
0.9810884597
0.9825138252
0.978827924
0.9861014964
0.9835689121
0.9829582996
0.9844033412
0.990131014
0.9872476553
0.9827704719
0.9823225735
0.980180001
0.9839771568
0.9860260804
0.9790520367
0.9853678537
0.9841032068
0.9813394511
0.9783001557
0.9790511906
0.9794201208
0.9801510758
0.9791149017
0.9779482786
0.9842623007
0.987916627
0.9838105691
0.9844482716
0.988650619
0.9837104621
0.9843746925
0.9875289566
0.9840958161
0.9855551036
0.986560866
0.9850748132
0.9877396416
0.9840523986
0.9879763574
0.9870335161
0.9834281165
0.9861851996
0.981469606
0.9886314613
0.984695337
0.9845986622
0.9865793954
0.9854828371
0.9822062261
0.9885114991
0.9906301629
0.9887179107
0.9853360681
0.9829772228
0.9885280585
0.9857410666
0.9860037392
0.9802992824
0.9842541939
0.9846762779
0.9817589969
0.9846715297
0.9806904465
0.984427597
0.9876856397
0.9895340643