0.9757897194
0.9740718471
0.9773522533
0.9740035365
0.9730293868
0.97219402
0.9767797084
0.9692799377
0.9749051683
0.9657066247
0.9624201031
0.9762234491
0.9743525469
0.9745241087
0.9759958931
0.9789672217
0.9733081859
0.979332487
0.978737267
0.9775103834
0.9699237677
0.9745926544
0.9772293448
0.9751400946
0.9706569273
0.9761010938
0.975528337
0.9753085876
0.9750840585
0.966883794
0.9712817127
0.9631039591
0.969235329
0.9588721276
0.9717506622
0.9735784409
0.9737219515
0.976812342
0.9761734633
0.9739570981
0.9733224261
0.9717634558
0.9738959494
0.9712133872
0.9758367857
0.9745514924
0.9746622189
0.9750530936
0.9721885107
0.9719687772
0.9791356913
0.9723022453
0.9728725857
0.9714867406
0.9725531171
0.9736348022
0.9709835486
0.9779035869
0.9780441229
0.980283922
0.9800750151
0.9778511805
0.9773428822
0.9748602815
0.9740046148
0.9807029327
0.9729089371
0.9782324293
0.9746995884
0.9725654961
0.9706969764
0.9667677836
0.971528475
0.9715247129
0.9736104342
0.9788642878
0.9721528022
0.9738454838
0.9657293623
0.9741376375
0.9780034813
0.9727555495
0.9783261326
0.977525146
0.9740288811
0.9746713759
0.97723004
0.9706356085
0.9703594066
0.9699002876
0.9760403208
0.9760881549
0.9709118665
0.9712179441
0.9694646054
0.9789719608
0.9751312331
0.9668070698
0.9687767337
0.9649494276
0.9729038247
0.9693291343
0.9746022707
0.9796639589
0.9743861801
0.9766730305
0.9665605815
0.9781349278
0.9607510293
0.9775171455
0.9822594043
0.976755329
0.9810457274
0.978294171
0.9809689451
0.9794552145
0.9781571625
0.9752848871
0.9687481809
0.9756146787
0.9756953572
0.9731627544
0.9700826588
0.9755113708
0.9757288742
0.9819868866
0.9755755597
0.9750449166
0.9727567391
0.9781441198
0.9746716711
0.9745498212
0.9684662954
0.9717267678
0.9760337604
0.9763253571
0.9686794408
0.9740854058
0.9758737399
0.9786327427
0.9719812609
0.9738229036
0.9763580515
0.9697561296
0.9789267701
0.9781633871
0.980961987
0.9748543406
0.9819512913
0.9801408746
0.9758188768
0.9751013111
0.9810006823
0.9706611988
0.975565286
0.9715788737
0.9755875948
0.9721553847
0.9803877428
0.9780996142
0.9755449884
0.980027494
0.9759497095
0.9785667697
0.9723094426
0.9735400508
0.9721994422
0.9806608118
0.9750702626
0.9735339244
0.9770937843
0.9694408349
0.9734614672
0.981335533
0.9775243497
0.9775765089
0.9842086107
0.9729889333
0.9749553739
0.9815663968
0.9732672096
0.9799584036
0.9734120066
0.9812252633
0.9777121838
0.9838552763
0.9762364341
0.9772582207
0.9735557655
0.9755789947
0.9754937979
0.9792227895
0.9786430276
0.9737742939
0.9786001668
0.978196727
0.9670680698
0.9795551218
0.9767826211
0.97790551
0.9737542727
0.9757110709
0.9774292448
0.9736433515
0.9790303844
0.9771628735
0.9754857831
0.9807751987
0.976478373
0.9751576347
0.9819584024
0.9797695749
0.9798405886
0.9765737385
0.977181027
0.9728910428
0.9794339948
0.9748001046
0.9785519785
0.9740436076
0.9792962798
0.9781192396
0.9837738232
0.9768693111
0.9766333731
0.9767548555
0.9781535929
0.9741255584
0.9720676515
0.9757150227
0.9722033363
0.97132813
0.9793654589
0.9804702134
0.9749718405
0.9748208471
0.9731986278
0.9805053219
0.968485424
0.9744883538
0.9782084855
0.9782786801
0.9824012762
0.9818788651
0.9829763378
0.9798035927
0.9768460546
0.9820285231
0.9782864647
0.976490347
0.9698154252
0.9744784146
0.9744682876
0.9788715816
0.9750177678
0.9766759204
0.9780828757
0.9719394664
0.965818353
0.9743718961
0.977030636
0.971491989
0.9776709498
0.9771200963
0.9827725307
0.980418806
0.9800920921
0.9824401547
0.9812610376
0.9821291342
0.9766551124
0.976101823
0.9811089111
0.97847259
0.9769657984
0.9760503636
0.9795812856
0.9757708737
0.9783769462
0.9760526538
0.9750902187
0.978877511
0.9801661465
0.978032509
0.9790181622
0.9789408033
0.9788721618
0.9768786791
0.9796301422
0.9806537104
0.9791759168
0.9757993626
0.9763028927
0.9784591599
0.9820858967
0.9852595221
0.9795823523
0.9770714168
0.9799100015
0.9748241962
0.9757901529
0.9755123462
0.9800197781
0.9798947657
0.9785893124
0.9810624724
0.9784494988
0.9792374669
0.9880030031
0.9804798104
0.9798892804
0.9797156576
0.9783791306
0.9816929826
0.9777162683
0.9811521726
0.9786003517
0.9771477584
0.9799282862
0.9757182256
0.9777039552
0.9813587992
0.9801267233
0.973988032
0.9808919376
0.9690561578
0.9792240057
0.980508605
0.9839526876
0.982953108
0.978769225
0.9770708444
0.9796926992
0.9787140097
0.9858440338
0.9792361245
0.9811551108
0.9832412106
0.9780891885
0.9750473612
0.9837077232
0.9778538627
0.9819106466
0.9775401715
0.9803568852
0.9754800012
0.9785259829
0.9688321604
0.9775802095
0.9733018905
0.9701442589
0.9810907202
0.9825435168
0.9813667781
0.984339273
0.9847748966
0.9820461199
0.9851842894
0.9811576177
0.9788970473
0.9782403509
0.9827940876
0.9746970969
0.9792281029
0.9786287297
0.9791049001
0.9814149449
0.981087722
0.9807389506
0.9821067913
0.978691325
0.9740001851
0.9823426237
0.979118869
0.9842377352
0.9771298816
0.9780103308
0.9766948049
0.9789661308
0.9756716816
0.9827881843
0.9832590278
0.9793902805
0.9814480603
0.9801449325
0.9826474655
0.9853659852
0.9765096778
0.9760577442
0.9791215506
0.9811667436
0.976990658
0.979383656
0.9779889868
0.9803998221
0.9838957758
0.9769433243
0.9804829055
0.9814306181
0.9793799145
0.979156992
0.9832044403
0.9839086973
0.9739766709
0.9798457542
0.9735819341
0.977481617
0.9815461862
0.9745388119
0.9798231208
0.967713654
0.9772418674
0.9740676257
0.9838509317
0.97046963
0.9808147056
0.9793917599
0.9740979588
0.9783711287
0.9824042606
0.9884801447
0.9848747954
0.9781456687
0.9787033471
0.978873463
0.9749182845
0.9809327092
0.9791948301
0.9802741263
0.9786864078
0.9769706713
0.9783052433
0.9786096735
0.9807934496
0.9775630956
0.9751563845
0.9769053627
0.9789887636
0.9752746575
0.9818707615
0.9810726654
0.9822064688
0.9773730085
0.9764302088
0.9829260719
0.9821336727
0.982796496
0.9783636975
0.9799199059
0.9824654157
0.9791427994
0.9811676691
0.985357549
0.9791624659
0.9809433043
0.9733908383
0.9821901023
0.9793590273
0.9813584862
0.9810665461
0.9803204298
0.9787684185
0.9858784403
0.9864225896
0.9825512754
0.9802285595
0.9814861788
0.9803231052
0.9779642229
0.9873038926
0.979590675
0.9774369523
0.9760721944
0.9818686121
0.9802883946
0.9817023614
0.982447328
0.9796980245
0.9830527064
0.983978564