0.9716340339
0.9794366234
0.9828936145
0.9742663064
0.9811185302
0.9792447289
0.9737786262
0.9734288402
0.9789780998
0.9733057785
0.9768224077
0.9781768955
0.9804735501
0.9835058435
0.9826963978
0.9822761193
0.9792271417
0.9840859039
0.9811395927
0.9812837394
0.9805354278
0.9814443649
0.9836137483
0.9844501569
0.9780222659
0.9827958961
0.9809892663
0.9799403268
0.9794590757
0.9747379556
0.9743734971
0.9719741936
0.9747144934
0.9717176412
0.979711876
0.9783052304
0.9783954745
0.9790494806
0.9816249306
0.9832962154
0.9811248325
0.9797092762
0.9729231941
0.9761931905
0.9761159209
0.9778401896
0.9819031072
0.9782251621
0.9787784168
0.9807913498
0.9856235272
0.9781349251
0.9782208734
0.9760556478
0.9793420933
0.9804973566
0.9800090791
0.9834384592
0.9837727042
0.9832259256
0.9818623498
0.9820738177
0.980879734
0.9822547488
0.9815803401
0.9742990733
0.9836806589
0.9812798184
0.9765050528
0.9772350194
0.9736753501
0.9824562807
0.9799563604
0.9804722664
0.9792565446
0.9827635554
0.9798592457
0.974303817
0.9769254379
0.9821450524
0.978744628
0.9835669408
0.9839028272
0.9790740318
0.9870217552
0.9825349227
0.9777818548
0.9794309089
0.9804003276
0.979065205
0.9803154796
0.974445669
0.9757117675
0.9714132857
0.9799127034
0.975069534
0.9733008666
0.977113486
0.9732552327
0.9800428131
0.9734757964
0.9817081532
0.9836178003
0.982921146
0.9662901359
0.9812896626
0.9778413542
0.982675778
0.9851678317
0.9758436483
0.9845914241
0.9835248922
0.9812505106
0.9834547166
0.9815907556
0.9782573077
0.9798995509
0.9793045659
0.981714269
0.9815841065
0.9775215515
0.9796237005
0.9834395758
0.979787056
0.9830746407
0.9766808277
0.975112529
0.9815173511
0.977736927
0.9802161523
0.9771557655
0.9754457744
0.9793383931
0.9815581377
0.9778757412
0.9816064227
0.9818500705
0.9828448193
0.9785279491
0.9771747163
0.9791770916
0.9808539535
0.9818157525
0.9839460779
0.9820594087
0.9813893097
0.978304513
0.9867218156
0.9833061851
0.9784360472
0.9797037576
0.9823861006
0.9852538288
0.9818193768
0.9831375233
0.9839209857
0.9809927162
0.9773052825
0.9835211786
0.9830835561
0.97929284
0.9841483348
0.9767264739
0.9731044408
0.9824048198
0.9778863535
0.9802358263
0.9847854109
0.9799644307
0.9816932092
0.9799714482
0.9859480681
0.9821026333
0.9800909083
0.9868503066
0.979412692
0.9831355753
0.9800342844
0.983068384
0.9864349997
0.9878042172
0.9766377995
0.9851974067
0.9750532814
0.9844673281
0.9771442257
0.983485353
0.9775757281
0.9811198294
0.9830514161
0.981100625
0.9863760209
0.9838353979
0.9800001282
0.9864040347
0.9799971555
0.9791449117
0.9773433769
0.978995428
0.9811941603
0.974848723
0.985325169
0.9779776261
0.980260007
0.9857142117
0.9850106802
0.9868408776
0.9821311413
0.9838711103
0.9788731866
0.9803286663
0.9831669941
0.9847873624
0.9771170271
0.9836519623
0.9836437596
0.9830308782
0.9881326371
0.9856788238
0.9837569852
0.9822966837
0.9818719186
0.9758303029
0.9799948725
0.9765525645
0.979995265
0.9837815652
0.9790380602
0.9809815232
0.9834719058
0.9783685076
0.9785359129
0.9806043175
0.9852241467
0.975451365
0.9839184817
0.9807140741
0.9863953973
0.986861694
0.9805511735
0.9838347671
0.9808083269
0.9854989883
0.9801005233
0.978714154
0.9822921614
0.9760391118
0.9793780202
0.9762362191
0.9802903432
0.9814381525
0.9821967192
0.980827311
0.982634974
0.9760190663
0.9837541029
0.9783360468
0.9771513698
0.9777106197
0.9862532105
0.9873855915
0.9853020542
0.9849987415
0.9822316429
0.9889023414
0.9841494456
0.9855426706
0.9822987482
0.9779698639
0.9784066694
0.9812791063
0.9798864651
0.9799883989
0.9826396005
0.9824984379
0.981598269
0.9826632475
0.9825674888
0.9829316243
0.9848722052
0.9865431731
0.9821459131
0.9863088573
0.9824509272
0.9838523251
0.9862097084
0.9836543852
0.9797683698
0.9835953483
0.9846537442
0.9815701861
0.9810972773
0.9799363494
0.9774959777
0.9818647415
0.9771937415
0.9804348336
0.9815365089
0.9818986603
0.9788902932
0.9834089996
0.9827864934
0.986117958
0.9894737763
0.9890098426
0.9861057591
0.9868465168
0.9864927163
0.9813000089
0.9821531972
0.9875567083
0.9792042083
0.9805828486
0.9805907381
0.983664694
0.9857945234
0.9831876408
0.9785858969
0.9845812304
0.9842436845
0.9832732949
0.9828907643
0.9870887634
0.9819394539
0.9834813908
0.9845958967
0.9869976397
0.9857070676
0.9797431369
0.9816397002
0.9810643257
0.983496748
0.9880795305
0.9801473685
0.9866399596
0.9826059289
0.9817609333
0.9858628318
0.9869192805
0.9779575167
0.9784519716
0.9827982232
0.981712093
0.9811302822
0.9834138786
0.9831231855
0.9789189491
0.9849367514
0.9867717035
0.98706773
0.9893629814
0.9868801336
0.9877807937
0.9804412347
0.9837011999
0.9829976643
0.9767584188
0.9823834127
0.9861739196
0.9810102714
0.9832033877
0.9855145348
0.9804909641
0.979923208
0.9777975709
0.983811968
0.9864165675
0.9869001903
0.9868018372
0.984642647
0.9836570736
0.9835307051
0.9812858516
0.9900532437
0.9896157763
0.9852657685
0.9842516296
0.9844007941
0.9805527697
0.988117966
0.9784033923
0.9822903243
0.9788848937
0.985975475
0.981906879
0.981307585
0.982409556
0.9856415176
0.9846360494
0.9799701441
0.9877786236
0.9857033426
0.9837779462
0.9801845542
0.9820976495
0.9875176716
0.983416503
0.983590036
0.9805886448
0.9831433447
0.987346391
0.9851120302
0.9828381317
0.9784607325
0.9835307012
0.9820325134
0.9849444861
0.9787163241
0.9859847806
0.9825035974
0.9820699986
0.9864313758
0.9880242388
0.9883775466
0.9819977128
0.9854476952
0.9828700092
0.9848835904
0.986663468
0.9838537434
0.9843474713
0.9845487694
0.9836582685
0.980459705
0.9818095912
0.9831453518
0.9802652537
0.9776629646
0.9819543285
0.9838783533
0.9845365336
0.9826101587
0.9840659157
0.9860860435
0.9822105087
0.9856381437
0.9882040955
0.9840055672
0.9845287515
0.9837723378
0.9808424859
0.9855944037
0.9847387581
0.9881261571
0.9886412885
0.9806216804
0.9869732164
0.9839771899
0.9876791905
0.9824244308
0.9834866903
0.9882842063
0.9834232282
0.9823553319
0.9909526673
0.9893064186
0.9873747836
0.980176884
0.9869940261
0.9886725288
0.988620122
0.9821728736
0.984355665
0.9819579278
0.984290827
0.9844819152
0.9851649352
0.9872794841
0.9831507122
0.987562835
0.988346324