0.9716340339
0.9794366234
0.9828936145
0.9742663064
0.9811185302
0.9792447289
0.9809570443
0.9796234209
0.9794310784
0.9760627962
0.9713292886
0.9820377783
0.9830445102
0.9818278997
0.9788476644
0.980388207
0.9811365054
0.9864068504
0.9848391079
0.9829772526
0.9801684029
0.9873389004
0.9859150304
0.9834758296
0.9804569376
0.980257584
0.9814748829
0.9754210022
0.9828173247
0.9741752192
0.9756418657
0.9741669071
0.9746102581
0.9780496627
0.9828797716
0.9787202585
0.9812593417
0.9827589476
0.9853645337
0.9841189498
0.9834407324
0.9879472051
0.9794858075
0.9751127237
0.9802566753
0.9824419691
0.9814595551
0.9823950336
0.9783853818
0.9846352482
0.9854813588
0.9797702863
0.9795569481
0.9750564902
0.9791424239
0.9813320057
0.9843332477
0.9787675267
0.9829400419
0.9799526034
0.9850543911
0.9822069245
0.9837077716
0.9836501402
0.986937978
0.9780062842
0.9829924732
0.9739203978
0.9777029484
0.9799035754
0.9819775939
0.9821689124
0.9843425528
0.9796483506
0.9830853006
0.9772751409
0.9841045498
0.9781200905
0.9790734949
0.9826236941
0.9799554547
0.9854121973
0.9802810722
0.9801734024
0.9833653802
0.9830894093
0.9810359942
0.9805330888
0.9786250549
0.9828794903
0.9838165789
0.9813372791
0.9755629572
0.9755868887
0.9811177373
0.9786823493
0.9791505063
0.9822681545
0.9753617365
0.9823768497
0.9790343716
0.981365457
0.9853820506
0.9804826523
0.9694095344
0.9850611982
0.9771844334
0.9805762186
0.9843870301
0.9836300484
0.9833530758
0.981187622
0.9835106231
0.9850326156
0.9769962942
0.9802733617
0.9872815172
0.9824566011
0.9794227387
0.9832376059
0.9795720476
0.9813664784
0.9827354528
0.9844091882
0.9843336832
0.9817491061
0.9785973219
0.9829186564
0.9780344108
0.9835223725
0.9830895329
0.9776319256
0.9880723713
0.9815226421
0.9829877372
0.9821784213
0.9839263437
0.9847016625
0.9832552139
0.9793066215
0.9862798015
0.9820098588
0.9829666644
0.9845296502
0.983420395
0.9827904268
0.9868338112
0.9883576717
0.9842570349
0.9857372886
0.9870578131
0.9838389717
0.9872642091
0.9846010593
0.9794392019
0.986759276
0.9792307495
0.9786387461
0.9847673801
0.9846789679
0.9866996897
0.9845235569
0.9830205665
0.9789437932
0.9855448415
0.9785914709
0.9836044382
0.987496776
0.9835834046
0.9834666813
0.9842016026
0.9827825634
0.9842975899
0.9875343081
0.982375007
0.9855496405
0.9867773584
0.9820981105
0.9851233618
0.9883771018
0.9861389511
0.985236119
0.9867315277
0.9771534183
0.9852332511
0.9816731137
0.9859794226
0.9772682679
0.985944453
0.9845457979
0.9848013659
0.9868277034
0.9859831543
0.9803914188
0.9882381308
0.9803402363
0.9811794115
0.9866357804
0.9845292076
0.9832719784
0.9857567462
0.9817751357
0.9814862166
0.9835031543
0.9868596799
0.9860519388
0.9872309061
0.9832035786
0.9853780051
0.9823023415
0.9834922541
0.9848154047
0.9839573499
0.9853474634
0.9845158265
0.9843407236
0.9896660607
0.985990903
0.985730224
0.9848096602
0.986707263
0.9827323674
0.9824669748
0.9889222246
0.9805881865
0.9837568219
0.9837745904
0.9781929978
0.9840680634
0.98793832
0.9810387507
0.9867764504
0.9848540729
0.9850644856
0.9803899145
0.9848761671
0.9835380054
0.9849069616
0.9859190286
0.9856052466
0.9881402673
0.9850722049
0.9878906679
0.9858479005
0.987011047
0.9846079831
0.9803915294
0.984803804
0.9840835175
0.9837327864
0.9817558138
0.9857583264
0.9832936297
0.9797286631
0.981007533
0.9811378951
0.9813041796
0.9822873769
0.9847164471
0.9879977112
0.9854436338
0.9889902812
0.9875473591
0.985462001
0.9901387259
0.9862124351
0.9859053606
0.9849313899
0.9808130846
0.9848518454
0.9835978429
0.9865648213
0.9852699109
0.9857185062
0.9849683166
0.9853912341
0.9834568759
0.9873928628
0.9860026421
0.9870106606
0.9883862398
0.9855977488
0.9820545835
0.9863929829
0.9839936184
0.9880421915
0.9876449522
0.9846806864
0.98399243
0.9869906108
0.9903106564
0.9819668243
0.9814981779
0.9840902045
0.986015199
0.9811576596
0.9850553582
0.9859099696
0.9829692399
0.9836373659
0.9818164977
0.9841396806
0.9854640913
0.9903973309
0.9891684116
0.9846076468
0.9867153145
0.984288041
0.9847917514
0.9874016681
0.9870958712
0.9846025353
0.9875013382
0.9824137952
0.980350719
0.9865442186
0.9827661184
0.9802054991
0.9864788698
0.9817320139
0.9850357949
0.9830028596
0.9897140237
0.9860971984
0.9796969848
0.9848891103
0.9906051148
0.987003006
0.9872721383
0.9839130767
0.982475602
0.9868115725
0.9868194363
0.9823926393
0.9888285826
0.9828252189
0.9887882673
0.983838074
0.9865259134
0.9832637199
0.9835368188
0.9821718276
0.9846763403
0.9861424588
0.985069229
0.9853520271
0.9882240295
0.9845264795
0.9868150998
0.985353521
0.9891466027
0.9843883892
0.9851850597
0.9844889197
0.986256088
0.985849024
0.9785628591
0.9824184561
0.9803460445
0.9860703344
0.9843889188
0.9844903419
0.9824613456
0.9867037751
0.9864780393
0.9866416668
0.9844402402
0.9844236526
0.9874605606
0.986046372
0.9816147569
0.9848701941
0.9843745884
0.9874253767
0.9908737827
0.9858688546
0.9873321809
0.9828592423
0.9861412208
0.9873654826
0.9830745791
0.9847283013
0.983737237
0.9859225615
0.9851728532
0.9816749977
0.9840724613
0.9848195741
0.9872974796
0.9851301417
0.9902404214
0.9880996277
0.9846097554
0.9838564355
0.9882169844
0.9815402708
0.9815679957
0.9868894992
0.9839441537
0.9853856359
0.9890899749
0.9890406574
0.9868260004
0.9774985404
0.9800692736
0.9846866062
0.9853788842
0.9778866396
0.9862143388
0.9848082115
0.9865665509
0.987028958
0.9880230778
0.9860954766
0.9870338166
0.9867612954
0.9794745162
0.9863173723
0.9892464339
0.985583939
0.9817332899
0.9850142395
0.9851629658
0.984588256
0.9847375664
0.9807777449
0.981160966
0.9817473094
0.9816844947
0.981723639
0.9863366489
0.9868380232
0.9891733708
0.9897253495
0.9859105318
0.984926679
0.9884803991
0.9846251355
0.9857400035
0.9849694103
0.982670632
0.9894254577
0.9870777666
0.9907425122
0.9862171484
0.9844230441
0.9878252877
0.984146683
0.9839444383
0.9857719297
0.9848434185
0.9897830885
0.9857403831
0.9860238598
0.9913704073
0.9849263849
0.9893094536
0.9797167903
0.9843568816
0.9894351737
0.985732719
0.9871071311
0.9847464663
0.9857319247
0.9847218476
0.9864102864
0.9861570801
0.9877800964
0.9852809318
0.9904484069
0.9859435767