0.9789404344
0.9829274246
0.9778534035
0.9780438103
0.9798958461
0.9799464532
0.9706858783
0.9760025699
0.9800536165
0.974204967
0.9746197543
0.9723134582
0.9845844627
0.9744675975
0.9806475857
0.9803993037
0.9767388327
0.9801556463
0.9813996156
0.9771552454
0.9815388757
0.9738965598
0.9770545611
0.9810250972
0.9699408033
0.9795592255
0.9812673508
0.9755118581
0.9776754855
0.9747430554
0.9753774535
0.9758739316
0.975840589
0.9715671711
0.9796450073
0.9694412082
0.9808552561
0.9823326446
0.9853044758
0.9844748703
0.9810106999
0.975215799
0.9763090816
0.965288437
0.9790957139
0.9768499147
0.9753666394
0.9797696176
0.978033539
0.973934363
0.9812025205
0.9711316343
0.9754998032
0.9780171974
0.9738650614
0.9790724456
0.9770946609
0.9808772796
0.9806418338
0.9808644315
0.9792529667
0.9823966558
0.9792753081
0.9790457364
0.9830278101
0.9770592159
0.9790233081
0.9749994805
0.9719849361
0.970943592
0.9766463072
0.97608861
0.9745656548
0.9760515441
0.9794927666
0.9717260036
0.9739800189
0.9687994575
0.9743533493
0.9851093222
0.9782288879
0.9778282959
0.9782495863
0.9774739026
0.9841597112
0.9711734581
0.9775885633
0.9727156679
0.971039227
0.9768490013
0.9747822658
0.9722673548
0.968948732
0.9711513676
0.9756783409
0.9710466916
0.974503437
0.9769819236
0.9729202205
0.9750248444
0.9727343019
0.9791020654
0.9775560403
0.9755376696
0.9670446533
0.9771993459
0.9699275211
0.9704426892
0.9773000514
0.9768983666
0.9851387906
0.9698402037
0.9775577565
0.9733340479
0.9741215023
0.9789830968
0.978308288
0.9754510996
0.9784964267
0.9748771243
0.9712777837
0.9733850711
0.979102151
0.975045844
0.9748080991
0.9745197219
0.9714923252
0.9799861522
0.9714755687
0.9711343087
0.9733281574
0.9689640504
0.9732825916
0.9734129223
0.9734261754
0.9733877651
0.9754736656
0.9760513624
0.9747085763
0.975931127
0.9776936195
0.9742417162
0.977385787
0.9784352589
0.9772328891
0.9734454569
0.9803234237
0.981513081
0.9769025244
0.9809427166
0.978988367
0.9773349693
0.9752793394
0.9731570163
0.9768927077
0.9793516594
0.9784520613
0.9759053028
0.9767238465
0.9793715206
0.9744852761
0.9747416926
0.9726219828
0.9639051062
0.974137048
0.9727825462
0.97206363
0.9815678116
0.9758417596
0.9751616125
0.9691673376
0.9827732788
0.9761432055
0.9795549159
0.97132464
0.9731815819
0.9775177858
0.9711771216
0.9769124309
0.9804795708
0.9793106609
0.9770364303
0.9826091382
0.9690849215
0.9763321819
0.9742247511
0.9762096787
0.9753335824
0.9705230997
0.9753777574
0.9726406584
0.9755762196
0.9806262035
0.9737497572
0.9829847965
0.9714614576
0.9731699049
0.9792978774
0.979835025
0.9781581955
0.9746794224
0.9748713729
0.9741877491
0.9760988337
0.9795337148
0.980925566
0.9797798045
0.9770336074
0.9807105634
0.9727512769
0.9747672488
0.9764974355
0.978381811
0.9735349656
0.9782947962
0.9772948605
0.9761146651
0.9770858851
0.9791471693
0.9775789661
0.9774942099
0.9736740331
0.977932018
0.9786251507
0.9682614051
0.9709906375
0.9706035023
0.9728261916
0.9803310792
0.9788701672
0.9762164872
0.9702521051
0.9756291699
0.9793600516
0.9742430612
0.9777592761
0.9781977751
0.9777444625
0.9763383906
0.9726084054
0.9743618716
0.9761729228
0.9795282895
0.9778713584
0.9770351807
0.9772609762
0.9684204787
0.9742906291
0.9772454331
0.9761389886
0.9744251379
0.9772760651
0.9714181618
0.9723485569
0.9658591805
0.9778784298
0.9741962592
0.9771771062
0.9744991252
0.9796000523
0.9829730153
0.974020831
0.9757467839
0.9752753295
0.9807886973
0.9769602649
0.9772489564
0.9758105081
0.9731784257
0.978924908
0.9766076876
0.9755325657
0.9737048897
0.9759014363
0.9760132035
0.9743602704
0.9745755178
0.9773449684
0.9762674333
0.9731160699
0.9781016266
0.975182232
0.9753399583
0.9807267957
0.9755536499
0.9774509825
0.9761991454
0.982840114
0.9712345682
0.9754169967
0.9808270211
0.9731882747
0.9748518136
0.9753292123
0.9695081593
0.9700650787
0.9732872813
0.9757569728
0.9773494479
0.9749934459
0.9728401515
0.9755158438
0.9799188525
0.9826459909
0.9799774882
0.9788782947
0.9807045304
0.9800035905
0.9750445695
0.9812558205
0.9811405201
0.9779642799
0.9765178389
0.9742017295
0.9737409238
0.9760070887
0.9748404143
0.9756274194
0.9760478647
0.9743400128
0.9755616332
0.9764299071
0.9840260205
0.9791072542
0.977285627
0.9748144849
0.9766777706
0.980201667
0.9770965524
0.9735744227
0.9753903191
0.9803296039
0.9775235209
0.9718252922
0.984951893
0.976696225
0.9776585481
0.976127771
0.9802042081
0.9779765142
0.9716255504
0.9735348501
0.9734240352
0.9716110203
0.9773462166
0.9742102425
0.9779761959
0.9780271245
0.9837278172
0.9813251045
0.9769394517
0.9820679129
0.983928972
0.9784643592
0.9763737531
0.9736410143
0.9695867547
0.9827603386
0.9770062236
0.9784406684
0.9790218577
0.9725736323
0.978847149
0.9748574614
0.9771949883
0.9756493782
0.9776121105
0.9749621301
0.974477388
0.9718392819
0.9785593357
0.9729301179
0.9781132745
0.9802509958
0.9845474475
0.9757612547
0.9771344862
0.9757292734
0.9784904643
0.9797525322
0.9766517751
0.9764610815
0.9713925943
0.9756993541
0.9784131823
0.972826113
0.9749722363
0.9754871992
0.9786949315
0.9718139197
0.9769010047
0.9739023921
0.9757816006
0.9776346944
0.9778002326
0.9787687379
0.9772729922
0.9728580604
0.9726454533
0.9711763387
0.9781014947
0.9814254089
0.9759540101
0.9655738292
0.9729239613
0.9648486896
0.9770614731
0.9683154782
0.9721806811
0.9769330163
0.9714832138
0.9761955441
0.9784613681
0.9790598824
0.9741854942
0.9760539954
0.9760540658
0.976009644
0.9743652916
0.9758284607
0.9737576617
0.9778000286
0.9723222607
0.9725904921
0.975428509
0.9699527937
0.9664394007
0.9681089888
0.9723622621
0.9770646319
0.9640598866
0.9796419955
0.9766728732
0.9809847085
0.9781791836
0.9784517026
0.9797654435
0.9795368234
0.9791210188
0.979028883
0.9756195931
0.9762561055
0.9765479994
0.986143015
0.9799814964
0.9672686043
0.9803426094
0.9705581068
0.9818086891
0.9757408274
0.973871866
0.9755856379
0.9647875118
0.976837514
0.9841685686
0.981670894
0.9790437047
0.9769467604
0.9762401733
0.9793665194
0.980245536
0.9799021429
0.976877892
0.9725708142
0.9729125657
0.9739357693
0.9783989137
0.9737915614
0.9767356476
0.9820022176
0.9798328601