0.9755815401
0.9761312146
0.9751727073
0.9748882839
0.9730660215
0.972754518
0.976888649
0.9716689966
0.9744145652
0.9762380966
0.9699960352
0.9746422206
0.9768160224
0.9796731927
0.9754107036
0.9762696985
0.9704425895
0.9771585271
0.9780925314
0.9753789437
0.9753982407
0.9782338183
0.9742867703
0.9743362925
0.9813641108
0.9709899881
0.9744408224
0.9812796462
0.971678397
0.97744733
0.9712795947
0.9692569054
0.9727014783
0.9679818855
0.9698664176
0.9757001641
0.9759657522
0.9792728414
0.9790971649
0.9835869454
0.9795371167
0.9733116316
0.9805449161
0.9732588461
0.9748721797
0.979156781
0.978829181
0.980194591
0.9803522854
0.9760275221
0.9781876296
0.9775414845
0.9807734228
0.9748399607
0.978387377
0.9718253065
0.9772555325
0.9755212658
0.9751895109
0.9778402015
0.9775815079
0.97458815
0.9681896509
0.9828476323
0.9818807427
0.9798993489
0.9765329065
0.9797836464
0.9773582869
0.9792769366
0.9764277714
0.9711395189
0.9757181796
0.9752006143
0.9822717601
0.9812159177
0.9787005802
0.9811092762
0.9796232281
0.9708334766
0.9699386242
0.9743670459
0.9836438642
0.9796868701
0.9814246678
0.9757965886
0.9790843413
0.979464794
0.9779836744
0.978649278
0.9808234442
0.9742298754
0.9787954445
0.9828227844
0.9779252927
0.975043968
0.9765809976
0.9723496593
0.9812669151
0.9787476778
0.9756594255
0.9807014763
0.97483154
0.9807634391
0.9792763197
0.9799841854
0.9856885753
0.9777242794
0.9705036321
0.9809986181
0.9789188414
0.9689543654
0.9791818038
0.9781423987
0.9814691616
0.9809272892
0.9783603625
0.9770669534
0.9824016804
0.9820952417
0.9821574103
0.976657216
0.9794041587
0.981331082
0.9821309352
0.9750711837
0.9795738511
0.9783030888
0.9798246802
0.9820889429
0.9802271457
0.9817146347
0.9795049258
0.98069386
0.9772336401
0.9810038519
0.9761977152
0.9802353584
0.9797494394
0.982560891
0.9733950028
0.9795968556
0.9774064077
0.9835468973
0.9804365343
0.9801547081
0.9782903024
0.9786684907
0.9799045615
0.9824682046
0.9775861045
0.9774061319
0.9789929141
0.9850126794
0.9805480037
0.9821387038
0.9841418945
0.9855592907
0.9833930276
0.9813955182
0.9836552157
0.981838757
0.9809473228
0.9833933257
0.977305838
0.9822464934
0.9865938425
0.9799731805
0.9829115296
0.9818014351
0.9769116619
0.9813295452
0.9779576761
0.9775051286
0.9827445832
0.9800224261
0.9807488138
0.9767476859
0.9825196407
0.9819969118
0.9790568019
0.9835173512
0.9837956395
0.9814789578
0.9876042084
0.9813896412
0.9810770479
0.9869217027
0.9850782729
0.9782481418
0.9816660075
0.9797750986
0.9829375151
0.9772682924
0.9791012712
0.975684081
0.9846133211
0.9823443344
0.9807180441
0.9831272821
0.9852586173
0.9831648843
0.9817982208
0.9858438676
0.9826351376
0.9802860502
0.9801950687
0.9853737881
0.9860571211
0.984006278
0.9836908776
0.9798097027
0.985679617
0.9853899355
0.9847079958
0.9828775501
0.9858096414
0.9806612692
0.9813520051
0.9832240431
0.9808881646
0.9830016616
0.9856625573
0.9793932454
0.9859818506
0.9804670126
0.9830654189
0.9866943087
0.9845506316
0.980095695
0.9833557394
0.9819615373
0.9840429124
0.9822341239
0.9819410458
0.9838959966
0.9817197135
0.9778843765
0.9814129214
0.9837063221
0.9730688423
0.9845623952
0.9809724245
0.9808771592
0.98504554
0.9817639935
0.9831863663
0.9838454293
0.9792278853
0.9865962755
0.9861884813
0.9847141049
0.9816257404
0.9862339051
0.9806579325
0.9816814137
0.978285234
0.9776618846
0.9771028565
0.9806665377
0.9826862888
0.9802802506
0.9781251303
0.9806048959
0.9816722792
0.976033971
0.9772324859
0.9795022669
0.9811043911
0.9763442732
0.9752000073
0.9882782797
0.9843296081
0.9859195272
0.9845484906
0.981397335
0.9864988065
0.9825162509
0.9828395106
0.9838132724
0.9797474856
0.9805790792
0.9798808521
0.9785320775
0.9829444046
0.9815614799
0.9826655913
0.9808483194
0.9815828349
0.9797771001
0.9840445508
0.98057479
0.9786594036
0.9884654281
0.9840246119
0.985537009
0.9829771331
0.9805529598
0.9854392804
0.981078159
0.9841853821
0.9795267144
0.9863329836
0.988492056
0.9788060938
0.9799282521
0.9798008362
0.9829975055
0.982417007
0.9808608495
0.9777677892
0.9819222408
0.9825444453
0.9834845493
0.9796578411
0.9840669633
0.9816668945
0.9890691919
0.9880886815
0.9857391148
0.9818505306
0.9845257068
0.986452274
0.9856770336
0.9845387429
0.9823433893
0.9820860779
0.9800354201
0.9792799909
0.9830052321
0.9830436293
0.9815733194
0.9749529485
0.9844288965
0.9821879587
0.9840714999
0.9821982489
0.9882840697
0.9842105312
0.9854290686
0.9831071163
0.9837505248
0.9861473593
0.9808554303
0.9798134588
0.9874218504
0.9804179503
0.9859343469
0.9836174873
0.9812711171
0.9846425617
0.9810637655
0.9835008865
0.9849722047
0.9857810244
0.9821982347
0.9819389675
0.9811972126
0.9826436976
0.9833504037
0.9851162704
0.9828148373
0.9836591033
0.9861511249
0.9884200523
0.9812977845
0.9865510431
0.9869289488
0.9864004125
0.985901495
0.9820834349
0.9856894304
0.9799269365
0.9835251401
0.9829016308
0.9829645792
0.9844525914
0.9831877749
0.9851236882
0.9826003394
0.984862059
0.9836017777
0.9861172194
0.9860824709
0.9827045378
0.982364101
0.9816695238
0.9816605733
0.9854265416
0.9839308322
0.9813442346
0.9878291105
0.9834203907
0.985286759
0.9832276287
0.9848696077
0.982832079
0.9893845216
0.9814048237
0.9828113362
0.9832991748
0.9834182579
0.9810967743
0.973583924
0.9820716752
0.9832326346
0.9878741524
0.9826026674
0.9854203752
0.9838293472
0.9823104026
0.9868900482
0.9867327353
0.986938977
0.9864150148
0.9861710647
0.9808117069
0.9840647324
0.9830890736
0.9866661483
0.9813532918
0.9826050707
0.9759437863
0.9853898302
0.9782964941
0.9855360939
0.9805973594
0.9864798408
0.9865297468
0.9811950522
0.9852962482
0.9866364326
0.985495946
0.9754865602
0.9774955319
0.9821045556
0.9816524028
0.9818637954
0.9833895936
0.9835247893
0.9833157044
0.9860570838
0.9861076653
0.9824013697
0.9847330226
0.9826304224
0.9771648384
0.982975811
0.9780155556
0.98602039
0.9810795635
0.985071001
0.9859867088
0.9865222849
0.9830083759
0.9861182701
0.9885037774
0.9847487737
0.9842346927
0.9863785814
0.985691246
0.9853015668
0.9843316439
0.9882546972
0.9883176565
0.988290849
0.9838671243
0.9857421519
0.9818953252
0.9889658946
0.9848513807
0.9897112228
0.9819579115
0.9836955509
0.9839222189
0.9913685662
0.9915954014
0.9824935426
0.9805355013
0.9817504364
0.9871502858
0.9865435447
0.9819240806
0.9865280214
0.9807736712
0.985110362
0.9815438837
0.9842638737
0.9843971377
0.9878076006
0.9823644108
0.9869411433
0.9836737656