0.9281383409
0.9203389426
0.9440307223
0.9338402052
0.9303692605
0.9317411901
0.9237622932
0.9363879848
0.9434956787
0.9371303355
0.9312868968
0.9566453481
0.9461863903
0.9583875034
0.9519740338
0.9590888699
0.9554634744
0.9501019756
0.9589465185
0.9402265
0.9580521672
0.9432908187
0.9488245675
0.9443840275
0.9509011923
0.9482357333
0.9452375394
0.9637873345
0.9660899817
0.9596602661
0.9599947563
0.9639095563
0.9663201609
0.9634129149
0.9629685267
0.9678860365
0.9707282783
0.9754454392
0.9778038086
0.9669448001
0.9639100406
0.9616513086
0.9683883341
0.9695967727
0.9675898862
0.9690304188
0.97512138
0.9741110538
0.9591356441
0.9613951705
0.9700721888
0.9686758888
0.9722082949
0.9667926261
0.948238829
0.9636302251
0.9496708809
0.9686034678
0.9626118302
0.9644109373
0.9623312845
0.9585048089
0.970920961
0.9745732574
0.9690815308
0.9733822545
0.9687559138
0.9645855383
0.9639100769
0.9760671079
0.9764494605
0.9714889405
0.9823551187
0.9662678268
0.9784736295
0.9751369149
0.9750485025
0.9687211131
0.9586617713
0.9668906754
0.9732540353
0.9725624734
0.9678162054
0.9717433912
0.9657585436
0.9735970339
0.9663479492
0.9716300032
0.9693072116
0.9755567371
0.9708464227
0.967617324
0.9664144811
0.9728970634
0.9690346412
0.9713662704
0.9719281486
0.9691175263
0.9725388945
0.9665942159
0.9721879607
0.9744605725
0.9739564414
0.9709926718
0.9725484336
0.9812427459
0.975764618
0.9588431881
0.9695762405
0.9731886817
0.9558544692