0.9283954347
0.922206116
0.9401960755
0.9041979402
0.9124782988
0.915144432
0.9153746449
0.9016031948
0.9200573435
0.9072302982
0.9032327526
0.9324652515
0.9102493433
0.898851943
0.9109666303
0.9163891278
0.9104512423
0.9075440203
0.9277150264
0.9063845677
0.9039259227
0.941100804
0.942674152
0.9349904017
0.9370084488
0.9172465911
0.926539797
0.9402405448
0.9397296025
0.9263499232
0.9396943393
0.946957943
0.9415207955
0.9382797715
0.9254647458
0.9305325029
0.9461019593
0.9373835413
0.9560379561
0.9415631732
0.9439968956
0.9536600423
0.9625112772
0.9665577565
0.9599807387
0.9529684003
0.967703468
0.9497581177
0.9516825316
0.9509991256
0.9529267645
0.9558084928
0.9605102385
0.9493536222
0.9504290472
0.9464821801
0.9350057686
0.9596537922
0.9540540755
0.9454390852
0.9440464894
0.940710861
0.9501315654
0.9580667041
0.9594222337
0.9597924237
0.9601485372
0.9542172341
0.9606640474
0.9603158241
0.9661460095
0.9593068715
0.9623642188
0.9517049856
0.954241372
0.955103539
0.9601567365
0.9441660725
0.9383002899
0.9574481092
0.9475817519
0.9652021598
0.960343407
0.9559404981
0.9431792079
0.9545587316
0.9527826472
0.955817048
0.9550016808
0.9589709825
0.9676259147
0.9581590469
0.9602064301
0.9562144511
0.9487171616
0.9553691803
0.9595771535
0.9605658724
0.9511389753
0.9669209962
0.9460851201
0.9666499697
0.9653638152
0.9594825002
0.9644194823
0.9750632579
0.9647303702
0.9498235093
0.9595397717
0.96273284
0.9582248388