0.9280244057
0.9189185039
0.9408583234
0.900917658
0.9136221359
0.9174553294
0.922577883
0.9306452908
0.9351934249
0.933248086
0.9096921802
0.9592301198
0.9460704762
0.9477693669
0.9309787709
0.9377068611
0.9516646459
0.9444462541
0.9577194542
0.9452963091
0.9446303844
0.9449145965
0.9505529151
0.9421861951
0.9450839371
0.9391443556
0.9411670447
0.9540342965
0.9511014786
0.9532568665
0.9476950421
0.9571915864
0.9599945835
0.9681356042
0.9421110123
0.9594508265
0.9690222468
0.9642203938
0.9686877689
0.9664211634
0.966166456
0.9567089854
0.9665634186
0.9567232794
0.972676699
0.9627456409
0.966611906
0.9635878749
0.9568137416
0.9556622927
0.9555463826
0.9645984484
0.9710997796
0.9582302169
0.9541268648
0.9527831018
0.9453248421
0.9639935421
0.9589458768
0.9632342615
0.9517661765
0.9475647104
0.9643570963
0.9704560321
0.9623839136
0.9692713334
0.9675904507
0.9543845415
0.9691433732
0.9667650515
0.9751015215
0.9726148314
0.9822233825
0.9596068983
0.9751283715
0.9734943216
0.9688747945
0.9663299991
0.9609504061
0.9589276179
0.9664775393
0.9693450065
0.961053077
0.9724262547
0.9563353651
0.9670455457
0.9641805565
0.9716179465
0.9619143697
0.9676008984
0.9690996028
0.9665281277
0.9694417543
0.9650227158
0.9619416573
0.9687589051
0.9718577922
0.9666931572
0.9571763616
0.9693898287
0.964451743
0.9589696464
0.9742027797
0.9663760248
0.9669352778
0.9696382024
0.9692233351
0.9542909733
0.963685865
0.9675144941
0.9679983982