0.9611364931
0.9467541781
0.963250486
0.9349574484
0.9389442495
0.9483198154
0.9460272361
0.9243986842
0.9448160851
0.9530089184
0.942067104
0.9453796031
0.9315829259
0.943377317
0.9386679944
0.9316748734
0.9388936108
0.9413096331
0.9597773627
0.9131836215
0.9389763044
0.9448892356
0.9414288643
0.9416667319
0.9260288761
0.9113680274
0.9278569558
0.9305062663
0.9363562714
0.9272996905
0.9302228666
0.937331348
0.9423757097
0.9318674478
0.9255810303
0.9317750762
0.9354327463
0.9386226266
0.9503666038
0.9418869838
0.9435778954
0.9459963083
0.9406449697
0.9434158882
0.9510362348
0.9245742687
0.9294933099
0.9282998229
0.9237681623
0.9102743107
0.9198350907
0.9403523568
0.9459468476
0.9533337019
0.9485291801
0.9518532333
0.9337702956
0.9335782671
0.9511147192
0.936050647
0.9483936856
0.9384348706
0.9300363386
0.9490137209
0.9499972257
0.9512836229
0.9587265767
0.9557771882
0.9490793084
0.945646846
0.9482145808
0.9631576947
0.950199003
0.9605414639
0.9341134757
0.9468724692
0.9415804332
0.9520876248
0.9400715083
0.9338031201
0.9414276029
0.9354676926
0.9440076328
0.9269052458
0.9521741536
0.9292063513
0.9351699515
0.9376697193
0.9397132941
0.9352285769
0.9472320176
0.9533233994
0.9385373039
0.9330235104
0.9426607886
0.948080561
0.9379877546
0.9431018398
0.922370727
0.9259975467
0.943147284
0.9443792838
0.9269732573
0.9441214381
0.9477809658
0.9543302338
0.9569256932
0.9619061425
0.9574930102
0.936838566
0.9431898979
0.9542387413
0.9547233172