0.9276441348
0.9227227791
0.9420080335
0.9019497951
0.9168996074
0.9125240358
0.9172762872
0.8925622033
0.9212686976
0.9120662384
0.9021803862
0.9339140039
0.9078700637
0.9028572766
0.9134335083
0.9147227326
0.910137029
0.9058578408
0.9273452828
0.9069367253
0.9035099929
0.9095294336
0.90361926
0.9085584289
0.9095719891
0.891000609
0.8793952984
0.8922820267
0.9188572223
0.9048820496
0.8987302726
0.9036087529
0.9192172888
0.8961365537
0.9017664579
0.907289291
0.9319197528
0.9281694216
0.9282290291
0.9131409366
0.9149412653
0.8995342703
0.8942367639
0.9001797224
0.9164641932
0.8960943903
0.9032663747
0.8876670675
0.8888212261
0.8803298376
0.8898119207
0.9100705392
0.9176343094
0.8920847078
0.9047482654
0.8737715969
0.8714884708
0.9035337103
0.8841377025
0.8876073171
0.8744916851
0.8964456957
0.887741895
0.9001641681
0.8896162829
0.9159386305
0.9195813148
0.8838222057
0.8944758312
0.8942795865
0.9162301832
0.8954421138
0.9204823419
0.8915239249
0.9060300065
0.895356813
0.8812760909
0.8621631776
0.874894912
0.8810113982
0.8730709506
0.8921392062
0.8826048437
0.9019707127
0.8688676173
0.8897534856
0.8824428023
0.8780002691
0.8753746983
0.8955852539
0.9181867542
0.8679160933
0.8765502297
0.87751001
0.8850732901
0.8826955979
0.869859318
0.8676838129
0.8679700466
0.8930091977
0.8740980649
0.8735299002
0.867879368
0.8808390841
0.8648924402
0.8810421286
0.870343176
0.872572966
0.8524654468
0.8714668666
0.8700519394