0.9297900192
0.913436938
0.9307467815
0.9181670834
0.9043633435
0.9201152752
0.8968193526
0.9084369915
0.9232760382
0.9191155892
0.9059409892
0.9278163006
0.9075756516
0.9185834413
0.9050426879
0.9200864778
0.9032180421
0.9155948186
0.9248876829
0.8948460534
0.915010872
0.910554637
0.9159465567
0.9089815941
0.9050600021
0.8767391374
0.8966698448
0.9014634179
0.9071943135
0.8910611988
0.8919948386
0.916596302
0.9159598286
0.8982184858
0.8991686298
0.8943159713
0.9155830917
0.9199632236
0.9284525877
0.9139869918
0.9111667897
0.8948508687
0.8965512925
0.903037481
0.9282027912
0.9021469108
0.9129827723
0.8865525891
0.887339471
0.884191541
0.9043124938
0.9527090981
0.9570835699
0.9532481167
0.9390153202
0.9366147867
0.9276382026
0.9493990058
0.9306154081
0.9453033055
0.9442590966
0.9320285933
0.9397316831
0.9550741386
0.9443130293
0.9596788732
0.9557684189
0.9424217946
0.9479992831
0.9441984696
0.9595080673
0.9617988717
0.9665945298
0.9329991536
0.9478122968
0.9476605046
0.9462000596
0.9391858697
0.9295104689
0.9422745588
0.9298789843
0.955478736
0.9383220107
0.9495423807
0.9307419292
0.9448192265
0.9391714421
0.9346486853
0.9358951029
0.9549071196
0.9495692032
0.9441713093
0.9337945932
0.9456741158
0.9345412951
0.9526231623
0.9434465119
0.9420413469
0.9368929178
0.9485114949
0.9448940794
0.9622232334
0.9602385837
0.9489936683
0.9471815046
0.9592368334
0.950505147
0.9308503725
0.9430062137
0.9476232245
0.9523455643