0.929886287
0.9240941203
0.94151935
0.9041067735
0.9123952015
0.911976745
0.9119312932
0.8974936648
0.9185268056
0.9141432786
0.8965766183
0.948586765
0.9222177156
0.9320593141
0.9227627531
0.9354040582
0.9279316913
0.9330109355
0.9381331851
0.9189338405
0.9355268878
0.9437738283
0.9373530339
0.9335406639
0.9412398562
0.9260400937
0.9232917717
0.9433132642
0.947065837
0.9434620281
0.9279944101
0.9507793629
0.9519916699
0.9499062221
0.9450573308
0.9549569463
0.9645453653
0.9569463053
0.9669564908
0.9547823785
0.9470071815
0.9552642429
0.961677429
0.9537720667
0.9582130354
0.9548505898
0.9595012049
0.9529102977
0.9453315817
0.9524979975
0.9500797726
0.9664346478
0.9683190441
0.9513476168
0.9495224523
0.9509847301
0.9320889402
0.9602948107
0.9476206004
0.9544049248
0.9475383284
0.9406880697
0.9616570711
0.9566313191
0.9589865712
0.9626335594
0.9639324585
0.9558097361
0.9540253427
0.9625850885
0.9706496501
0.9653719383
0.9761339578
0.9615949033
0.965060931
0.9639544368
0.9626816284
0.9593360206
0.9509490847
0.9529461652
0.9639878344
0.963397829
0.9569091279
0.9662363624
0.9446304026
0.9626338813
0.9488828955
0.9516503381
0.9596253611
0.9603171055
0.9578476398
0.9683664305
0.9620585069
0.9617335949
0.9648995399
0.9638871671
0.9611399161
0.9653359961
0.9633871461
0.9674598162
0.9574648481
0.9650528526
0.9701547503
0.9663191074
0.9625858707
0.9699867714
0.9630402166
0.949469162
0.9622099348
0.9658531708
0.9614354274