0.9348289621
0.9006231855
0.9266042786
0.912968786
0.9028707819
0.9130569494
0.9134167554
0.9240989095
0.9267484661
0.934165357
0.9397992517
0.9183651244
0.9458543329
0.9159498677
0.9224708565
0.9387554708
0.9140528268
0.9309262265
0.9288080566
0.9221312534
0.9411256379
0.9356031886
0.9290724109
0.938417023
0.9380556686
0.9498330986
0.9303313337
0.9325186139
0.9475282445
0.9411071141
0.9321632732
0.9456968185
0.9518142241
0.9503717915
0.9460405724
0.9502000905
0.9505060306
0.9520249079
0.9523126617
0.9504521475
0.9467007321
0.9564933052
0.9561077625
0.9645559895
0.9659595059
0.9574333172
0.9651939888
0.9654779537
0.9603270007
0.9531891839
0.9670775
0.9614160803
0.9491519925
0.9577451284
0.9548265108
0.9567426481
0.9556759979
0.9566738673
0.9650832669
0.9565576225
0.9737037303
0.9622799857
0.9513758592
0.9574438226
0.9550397333
0.9403271898
0.96570608
0.9566460461
0.9629964592
0.9426489617
0.9651976234
0.9557033651
0.9691160674
0.9720701879
0.9675399249
0.9724825676
0.9716771347
0.9632281325
0.9655468405
0.9652016081
0.9735719814
0.9751587041
0.9664107957
0.9731416441
0.9629630318
0.9719734172
0.9733487236
0.9678046863
0.9629104143
0.9575510443
0.9560127921
0.962098676
0.9615418517
0.9684303983
0.9702460288
0.9614672622
0.9683381885
0.9472075855
0.9614460242
0.9638156742
0.963313173
0.9636861218
0.9647089152
0.9687477578
0.9702474508
0.9621783442
0.9668794434
0.9696600516
0.9690211621
0.9657684397
0.9606090485
0.9673034677
0.9619407205
0.967845068
0.9603427406
0.9698222464
0.9677864482
0.9692381482
0.9657718049
0.966548344
0.9774413156
0.9688054476
0.9741290482
0.9647941408
0.9611319668
0.9743843647
0.9597266784
0.9727511227
0.9756858411