0.9298834015
0.9193998823
0.9360243963
0.9037044871
0.9165458126
0.9141674732
0.9155303507
0.8986396973
0.9204812806
0.9099614244
0.9034527631
0.9355098192
0.9156605641
0.9037532189
0.909436046
0.9165049915
0.9126328282
0.9025988634
0.9255310425
0.9022485314
0.9101966589
0.9109577365
0.9082344621
0.9182086334
0.9065646384
0.890577907
0.8788527504
0.89302918
0.9130886847
0.9073533483
0.9019930811
0.950604232
0.9503541259
0.9452676002
0.9478890169
0.9413672124
0.9481777752
0.9481074501
0.9563184603
0.9464517946
0.9501357257
0.9509657628
0.9474246843
0.9461227213
0.9532702419
0.9361507085
0.9455798892
0.9394044665
0.9424519779
0.9279517862
0.9370300058
0.9473852885
0.9597254651
0.9425699141
0.9340112484
0.9355855671
0.9255326064
0.9432035014
0.9309768809
0.9282745352
0.929343061
0.9396997306
0.959174168
0.9548446459
0.9600604402
0.9607142145
0.9556449058
0.9443754489
0.9543987524
0.9576851603
0.9669194051
0.9584625279
0.9618715183
0.9565903182
0.9595632791
0.9432523205
0.9526492859
0.9478506866
0.9311557635
0.948322482
0.9477108369
0.9492788821
0.9378456925
0.9503184544
0.936351515
0.9508139015
0.9396839155
0.9406527779
0.9460179096
0.9558543455
0.9576172165
0.9597831762
0.9546346264
0.9592815428
0.9552997392
0.9452655106
0.9603408966
0.9556865293
0.9534197814
0.9663828271
0.9502446538
0.9581577496
0.9582804322
0.9469653277
0.9556866596
0.9666807451
0.9533153495
0.93940081
0.948927475
0.9558487208
0.9339999496