0.9621052456
0.9529221529
0.9592167726
0.9437600824
0.9493087887
0.9491139298
0.9465037168
0.9350101882
0.9472399259
0.9448458393
0.9389324298
0.948469668
0.9365909034
0.9381433067
0.9329161322
0.9439083371
0.9482162614
0.9388183684
0.948946681
0.9258368537
0.9407709559
0.9363730949
0.9454882935
0.9583950521
0.9525639202
0.9486109942
0.9347992325
0.947035473
0.9560291484
0.9593695299
0.9442758902
0.9520679203
0.9457636051
0.9541979556
0.9551094433
0.9460254
0.954618381
0.9611155002
0.9472992995
0.9624996446
0.9486287343
0.9578200118
0.9415838409
0.9609049361
0.9550312153
0.9686284263
0.9640018835
0.9530410363
0.9586962313
0.9580707498
0.9570604989
0.9537525537
0.9573157652
0.9599243914
0.9692726428
0.9534926194
0.9442125908
0.9417623662
0.9334353649
0.948384398
0.9519974121
0.9552924512
0.946533347
0.9405757082
0.9570385633
0.9617513102
0.9573762178
0.9606637861
0.9698008609
0.9566869734
0.9592251252
0.9632866086
0.969041287
0.9642850155
0.9579466002
0.9689408749
0.9456026457
0.954988392
0.9602609803
0.9590570218
0.9533910576
0.9409251644
0.952841523
0.9586917528
0.9581560142
0.9458483776
0.9577167456
0.9464133416
0.9519989846
0.9543103488
0.9487427319
0.9508708576
0.9530953014
0.9626190673
0.9647770608
0.9569870786
0.9475700707
0.9562818905
0.9574127325
0.9485899498
0.9634651609
0.9519160705
0.9449341047
0.960520492
0.9512605452
0.950025812
0.9568500315
0.9480751322
0.9430473398
0.9564048082
0.9518197906
0.9623033586
0.9422818976
0.9601423076
0.9661155021
0.9456644231