0.9327214792
0.9277685587
0.9378006102
0.9158641465
0.9287912006
0.9368019956
0.9388394127
0.9346822381
0.9333551178
0.9395511772
0.9392337198
0.9401487043
0.9458661361
0.946545905
0.9549301027
0.9452564598
0.9455800582
0.9623268652
0.9509403632
0.9570037912
0.949851753
0.956669539
0.9532345824
0.9645833773
0.9573944021
0.9508744276
0.9607858188
0.9616085637
0.9598026446
0.9663573317
0.9619862733
0.9632577272
0.962514839
0.9521275385
0.9538833098
0.9680027141
0.9656759605
0.9647631021
0.9657390032
0.9643492171
0.9680578274
0.9731587784
0.9776109922
0.9692801116
0.9672110481
0.965933722
0.9694231616
0.9803046263
0.9659049534
0.9746276125
0.9798298693
0.9669908485
0.965631125
0.9740842757
0.9662779059
0.9660071292
0.9610546473
0.9689040264
0.9718898835
0.9660390281
0.9598262627
0.9688316529
0.970841631
0.9584791775
0.961890532
0.9660344026
0.9707796966
0.9669525317
0.9631361853
0.9782027576
0.9684595917
0.9629354312
0.9612850844
0.9583642425
0.9522881031
0.9694124137
0.9656084701
0.9721702067
0.9676896961
0.9702153115
0.9658011715
0.9517226161
0.9678354756
0.9698548692
0.9675441267
0.9725646335
0.9809938819
0.9711056925
0.9673634162
0.9645392149
0.9722779995
0.9721124624
0.9678035276
0.977286877
0.9760408671
0.9809192775
0.9678669555
0.9750953916
0.9747312508
0.9731195196
0.9667119766
0.9744888632
0.9640408526
0.959593865
0.9662474152
0.9675067555
0.9729763849
0.973632853
0.9655362214
0.9720155009
0.9688041172
0.9595702104
0.9646742777
0.973167943
0.9597822955
0.9661849324
0.9654635263
0.9633747886
0.9711997169
0.9706393255
0.9673965059
0.9739215991
0.9708003021
0.9728769833
0.964915596
0.9675756543
0.9674470868
0.972000197
0.9687468655
0.9694825848
0.9642322175
0.9661129171
0.968827618
0.9723304634
0.9777369521
0.9705615797
0.9699680785
0.9718441071
0.9738167593
0.9760467917
0.9670621863
0.9781582161
0.960565886
0.9723646901
0.9640344035
0.9745549166
0.9707499985