0.9632974824
0.9545040392
0.9608781636
0.9469233318
0.9511503401
0.9510913445
0.9501294863
0.9448666928
0.9495850914
0.9521460987
0.9360511231
0.9505450996
0.9447858889
0.9421108367
0.9495348017
0.9436836598
0.9502896655
0.9460197373
0.9514782841
0.9515524413
0.9404778717
0.9453444536
0.939272897
0.9484988508
0.9479416174
0.9405651403
0.952283099
0.9318229129
0.9365644301
0.9559658832
0.9501051424
0.9478774032
0.9501225929
0.9504707335
0.9548099829
0.9519326562
0.9520231615
0.9459916925
0.9547868206
0.95050489
0.9504606428
0.9679689358
0.9566074202
0.9447145941
0.9524049634
0.9564698606
0.954870464
0.953978776
0.9449100533
0.9471360481
0.9529574269
0.9546911179
0.9426699733
0.9447042699
0.9415321675
0.9447359016
0.9651405962
0.9463106982
0.942348436
0.9382304397
0.9474305196
0.9356416465
0.9570695611
0.9361904613
0.9492658581
0.9357202134
0.9378750869
0.9538662076
0.9562101517
0.9571880558
0.9579568137
0.9588419071
0.9610954371
0.9598915651
0.9648378468
0.9688949545
0.9753828677
0.9533031041
0.9696134336
0.9618127773
0.9676486339
0.9565258847
0.963479166
0.9557150934
0.9588999131
0.9527714967
0.9599971731
0.965679324
0.9637650548
0.9563494227
0.9701267854
0.9483208889
0.9576138681
0.961201081
0.9597387488
0.9609481268
0.9573381448
0.9682348259
0.9692311033
0.9663581729
0.9614998031
0.9672969228
0.9605538656
0.9613013498
0.9600006518
0.9604499037
0.9535934543
0.9620632364
0.9598185783
0.9603925039
0.9664442659
0.9648962001
0.9675719731
0.9616585922
0.9703335893
0.9609894323
0.9504659756
0.9591112987
0.9621876113
0.9537528444
0.9568241183